Size Count
1 10714
2 6027
3 3575
4 2950
5 2214
6 2001
7 1699
8 1435
9 1266
10 1204
11 1062
12 1019
13 888
14 815
15 746
16 739
17 698
18 645
19 594
20 595
21 552
22 494
23 513
24 479
25 495
26 455
27 427
28 412
29 386
30 385
31 343
32 359
33 335
34 364
35 314
36 300
37 286
38 316
39 278
40 300
41 254
42 265
43 279
44 265
45 264
46 269
47 245
48 240
49 244
50 193
51 203
52 209
53 183
54 205
55 204
56 184
57 192
58 213
59 211
60 182
61 175
62 207
63 191
64 180
65 150
66 183
67 156
68 137
69 158
70 162
71 147
72 160
73 161
74 147
75 130
76 142
77 153
78 152
79 149
80 137
81 134
82 132
83 128
84 127
85 111
86 127
87 123
88 125
89 115
90 119
91 130
92 120
93 106
94 111
95 113
96 109
97 118
98 103
99 109
100 108
101 122
102 93
103 98
104 114
105 86
106 120
107 107
108 108
109 86
110 88
111 106
112 96
113 87
114 95
115 86
116 94
117 101
118 75
119 92
120 87
121 82
122 99
123 86
124 112
125 87
126 85
127 89
128 88
129 85
130 85
131 90
132 67
133 79
134 63
135 80
136 84
137 71
138 79
139 82
140 65
141 84
142 85
143 87
144 78
145 69
146 62
147 74
148 55
149 76
150 75
151 69
152 67
153 75
154 73
155 64
156 73
157 72
158 65
159 45
160 80
161 67
162 73
163 58
164 65
165 56
166 61
167 55
168 68
169 63
170 62
171 48
172 65
173 58
174 50
175 61
176 62
177 58
178 74
179 57
180 56
181 51
182 49
183 67
184 56
185 59
186 52
187 55
188 58
189 57
190 51
191 36
192 36
193 48
194 54
195 55
196 49
197 49
198 43
199 57
200 61
201 47
202 59
203 48
204 59
205 50
206 42
207 39
208 44
209 46
210 49
211 49
212 45
213 47
214 45
215 55
216 48
217 46
218 42
219 42
220 47
221 42
222 44
223 47
224 42
225 55
226 40
227 38
228 48
229 49
230 48
231 40
232 52
233 41
234 47
235 55
236 40
237 35
238 39
239 39
240 41
241 32
242 48
243 22
244 40
245 39
246 40
247 37
248 36
249 41
250 35
251 46
252 45
253 41
254 45
255 31
256 41
257 37
258 40
259 35
260 38
261 31
262 37
263 42
264 38
265 40
266 43
267 33
268 24
269 33
270 36
271 33
272 35
273 42
274 29
275 29
276 37
277 32
278 37
279 43
280 31
281 36
282 43
283 47
284 37
285 33
286 34
287 43
288 28
289 39
290 36
291 26
292 30
293 24
294 33
295 34
296 38
297 31
298 40
299 31
300 31
301 29
302 32
303 30
304 33
305 27
306 28
307 32
308 29
309 36
310 27
311 24
312 27
313 23
314 42
315 35
316 20
317 25
318 24
319 23
320 30
321 36
322 24
323 25
324 31
325 31
326 31
327 22
328 30
329 35
330 33
331 35
332 20
333 28
334 22
335 33
336 19
337 27
338 26
339 39
340 31
341 23
342 32
343 25
344 42
345 34
346 27
347 31
348 32
349 25
350 33
351 29
352 27
353 23
354 19
355 41
356 34
357 23
358 15
359 18
360 30
361 30
362 32
363 20
364 24
365 22
366 22
367 27
368 22
369 28
370 28
371 27
372 29
373 23
374 26
375 26
376 19
377 18
378 26
379 41
380 32
381 23
382 23
383 32
384 31
385 18
386 15
387 23
388 22
389 24
390 35
391 31
392 28
393 22
394 24
395 32
396 24
397 22
398 30
399 25
400 30
401 23
402 25
403 20
404 19
405 20
406 20
407 22
408 23
409 15
410 28
411 21
412 20
413 14
414 27
415 18
416 25
417 20
418 32
419 27
420 14
421 23
422 19
423 23
424 21
425 21
426 22
427 23
428 22
429 28
430 22
431 27
432 20
433 17
434 22
435 25
436 16
437 23
438 25
439 25
440 15
441 34
442 28
443 17
444 23
445 24
446 29
447 11
448 23
449 13
450 30
451 17
452 22
453 23
454 25
455 15
456 12
457 14
458 27
459 16
460 23
461 19
462 22
463 24
464 17
465 26
466 21
467 19
468 17
469 17
470 22
471 23
472 20
473 25
474 20
475 23
476 18
477 26
478 12
479 19
480 19
481 19
482 19
483 19
484 25
485 21
486 21
487 20
488 9
489 22
490 19
491 12
492 19
493 23
494 15
495 18
496 26
497 21
498 17
499 16
500 13
501 16
502 15
503 21
504 21
505 16
506 16
507 16
508 18
509 23
510 10
511 15
512 16
513 18
514 14
515 17
516 15
517 20
518 14
519 23
520 22
521 10
522 14
523 8
524 17
525 17
526 14
527 21
528 12
529 20
530 15
531 21
532 25
533 13
534 12
535 20
536 19
537 13
538 24
539 12
540 27
541 15
542 14
543 14
544 19
545 24
546 17
547 14
548 14
549 13
550 22
551 21
552 16
553 19
554 27
555 24
556 14
557 19
558 13
559 17
560 9
561 10
562 21
563 17
564 13
565 18
566 7
567 18
568 17
569 14
570 14
571 15
572 25
573 15
574 12
575 30
576 15
577 17
578 7
579 11
580 20
581 14
582 12
583 13
584 16
585 10
586 15
587 17
588 12
589 16
590 16
591 11
592 17
593 16
594 21
595 17
596 13
597 14
598 15
599 13
600 12
601 11
602 20
603 11
604 7
605 13
606 11
607 17
608 13
609 14
610 18
611 13
612 19
613 14
614 14
615 15
616 14
617 9
618 12
619 13
620 15
621 14
622 18
623 15
624 15
625 13
626 12
627 20
628 14
629 10
630 15
631 19
632 17
633 15
634 16
635 13
636 23
637 19
638 11
639 17
640 13
641 20
642 12
643 12
644 17
645 12
646 24
647 20
648 13
649 17
650 13
651 7
652 16
653 12
654 10
655 7
656 11
657 12
658 15
659 9
660 16
661 20
662 14
663 14
664 10
665 15
666 17
667 12
668 9
669 5
670 11
671 9
672 12
673 15
674 18
675 14
676 12
677 12
678 18
679 11
680 11
681 15
682 14
683 16
684 16
685 13
686 12
687 20
688 11
689 7
690 7
691 7
692 12
693 7
694 13
695 9
696 10
697 11
698 14
699 13
700 22
701 11
702 12
703 15
704 14
705 10
706 8
707 5
708 13
709 12
710 11
711 6
712 16
713 12
714 15
715 13
716 7
717 9
718 9
719 14
720 19
721 11
722 13
723 13
724 13
725 12
726 10
727 18
728 13
729 11
730 10
731 15
732 11
733 12
734 14
735 6
736 11
737 14
738 14
739 16
740 11
741 12
742 18
743 8
744 18
745 9
746 8
747 11
748 7
749 13
750 17
751 9
752 12
753 11
754 14
755 11
756 13
757 11
758 6
759 9
760 12
761 9
762 16
763 16
764 14
765 22
766 17
767 16
768 17
769 7
770 9
771 13
772 11
773 14
774 12
775 12
776 10
777 11
778 6
779 11
780 9
781 11
782 11
783 7
784 10
785 15
786 16
787 9
788 11
789 8
790 5
791 13
792 9
793 13
794 11
795 7
796 16
797 10
798 8
799 8
800 7
801 18
802 9
803 10
804 12
805 8
806 18
807 12
808 12
809 16
810 10
811 10
812 10
813 10
814 10
815 15
816 10
817 8
818 10
819 18
820 8
821 13
822 11
823 7
824 9
825 6
826 14
827 13
828 12
829 8
830 12
831 9
832 12
833 8
834 12
835 14
836 9
837 17
838 12
839 6
840 12
841 6
842 9
843 8
844 17
845 8
846 10
847 14
848 11
849 12
850 8
851 12
852 5
853 16
854 18
855 8
856 9
857 10
858 10
859 10
860 14
861 18
862 4
863 3
864 9
865 10
866 14
867 11
868 11
869 14
870 13
871 7
872 5
873 10
874 6
875 12
876 2
877 7
878 12
879 4
880 12
881 10
882 11
883 8
884 7
885 9
886 7
887 8
888 9
889 10
890 8
891 9
892 9
893 14
894 6
895 12
896 7
897 8
898 8
899 9
900 6
901 11
902 13
903 11
904 3
905 5
906 6
907 8
908 14
909 4
910 9
911 12
912 11
913 9
914 8
915 15
916 10
917 10
918 8
919 15
920 10
921 17
922 7
923 4
924 7
925 11
926 10
927 10
928 4
929 9
930 9
931 12
932 8
933 9
934 6
935 16
936 12
937 8
938 9
939 6
940 4
941 10
942 13
943 9
944 6
945 5
946 9
947 17
948 7
949 13
950 8
951 8
952 5
953 7
954 5
955 9
956 6
957 8
958 8
959 10
960 3
961 8
962 7
963 8
964 7
965 9
966 6
967 2
968 10
969 8
970 12
971 5
972 8
973 7
974 8
975 6
976 10
977 6
978 6
979 4
980 10
981 3
982 6
983 5
984 9
985 9
986 9
987 5
988 9
989 8
990 11
991 7
992 6
993 19
994 10
995 8
996 8
997 7
998 12
999 17
1000 12
1001 10
1002 10
1003 3
1004 7
1005 9
1006 11
1007 8
1008 6
1009 5
1010 10
1011 11
1012 9
1013 10
1014 6
1015 7
1016 7
1017 5
1018 9
1019 10
1020 8
1021 5
1022 11
1023 6
1024 10
1025 6
1026 7
1027 10
1028 8
1029 5
1030 4
1031 8
1032 4
1033 6
1034 9
1035 5
1036 3
1037 6
1038 8
1039 9
1040 6
1041 7
1042 9
1043 10
1044 6
1045 7
1046 2
1047 10
1048 5
1049 2
1050 5
1051 9
1052 7
1053 6
1054 5
1055 8
1056 7
1057 7
1058 9
1059 4
1060 3
1061 7
1062 10
1063 10
1064 3
1065 7
1066 8
1067 6
1068 5
1069 5
1070 6
1071 9
1072 9
1073 3
1074 3
1075 5
1076 6
1077 8
1078 6
1079 5
1080 8
1081 11
1082 10
1083 5
1084 7
1085 3
1086 3
1087 6
1088 8
1089 6
1090 12
1091 5
1092 6
1093 6
1094 2
1095 5
1096 10
1097 8
1098 5
1099 6
1100 5
1101 5
1102 7
1103 4
1104 8
1105 2
1106 6
1107 7
1108 8
1109 6
1110 2
1111 6
1112 6
1113 11
1114 4
1115 7
1116 7
1117 7
1118 3
1119 7
1120 4
1121 4
1122 6
1123 4
1124 11
1125 12
1126 7
1127 4
1128 7
1129 3
1130 10
1131 10
1132 8
1133 6
1134 6
1135 7
1136 7
1137 11
1138 7
1139 3
1140 3
1141 7
1142 3
1143 6
1144 6
1145 9
1146 3
1147 3
1148 6
1149 4
1150 5
1151 5
1152 8
1153 2
1154 4
1155 10
1156 3
1157 4
1158 8
1159 7
1160 3
1161 3
1162 7
1163 3
1164 9
1165 1
1166 2
1167 11
1168 5
1169 6
1170 11
1171 10
1172 4
1173 11
1174 6
1175 6
1176 6
1177 6
1178 4
1179 4
1180 5
1181 6
1182 2
1183 9
1184 4
1185 4
1186 4
1187 8
1188 4
1189 6
1190 6
1191 3
1192 8
1193 4
1194 2
1195 6
1196 4
1197 3
1198 3
1199 6
1200 3
1201 7
1202 4
1203 7
1204 6
1205 5
1206 2
1207 8
1208 3
1209 6
1210 5
1211 4
1212 4
1213 5
1214 7
1215 8
1216 4
1217 6
1218 6
1219 5
1220 5
1221 8
1222 6
1223 7
1224 5
1225 8
1226 5
1227 12
1228 3
1229 4
1230 6
1231 3
1232 8
1233 7
1234 6
1235 4
1236 4
1237 7
1238 7
1239 7
1240 9
1241 8
1242 6
1243 5
1244 5
1245 5
1246 5
1247 3
1248 8
1249 9
1250 8
1251 3
1252 4
1253 7
1254 4
1255 6
1256 3
1257 2
1258 5
1259 3
1260 3
1261 8
1262 2
1263 3
1264 4
1265 4
1266 5
1267 6
1268 3
1269 3
1270 5
1271 6
1272 3
1273 2
1274 7
1275 4
1276 8
1277 2
1278 5
1279 6
1280 5
1281 5
1282 5
1283 3
1284 3
1285 6
1286 7
1287 4
1288 3
1289 7
1290 1
1291 7
1292 3
1293 12
1294 6
1295 2
1296 3
1297 4
1298 6
1299 9
1300 3
1301 5
1302 1
1303 7
1304 2
1305 6
1306 6
1307 1
1308 5
1309 3
1310 4
1311 4
1312 5
1313 3
1314 3
1315 4
1316 4
1317 7
1318 4
1319 2
1320 8
1321 4
1322 3
1323 5
1324 7
1325 4
1326 8
1327 3
1328 3
1329 3
1330 4
1331 4
1332 2
1333 6
1334 10
1335 6
1336 7
1337 4
1338 4
1339 8
1340 4
1341 8
1342 4
1343 4
1344 1
1345 3
1346 1
1347 5
1348 4
1349 4
1350 8
1351 1
1352 5
1353 8
1354 3
1355 4
1356 4
1357 1
1358 6
1359 4
1360 4
1361 4
1362 7
1363 6
1364 3
1365 1
1366 2
1367 3
1368 1
1369 6
1370 1
1371 3
1373 3
1374 2
1375 4
1376 3
1377 2
1378 2
1379 4
1380 3
1381 2
1382 4
1383 5
1384 5
1385 4
1386 6
1387 8
1388 5
1389 3
1390 5
1391 1
1392 2
1393 3
1394 3
1395 3
1396 2
1397 5
1398 3
1399 2
1400 4
1401 3
1402 1
1403 1
1404 5
1406 4
1407 3
1408 3
1409 4
1410 2
1411 2
1412 6
1413 3
1414 4
1415 2
1416 1
1417 1
1418 2
1419 3
1420 2
1421 5
1422 4
1423 6
1424 4
1425 6
1426 6
1427 4
1428 3
1429 2
1430 1
1431 3
1432 2
1433 2
1434 4
1435 2
1436 3
1437 8
1438 6
1439 3
1440 4
1441 1
1442 4
1443 1
1444 3
1445 5
1446 1
1447 7
1448 6
1449 2
1450 5
1451 1
1452 5
1453 1
1454 4
1455 3
1456 4
1457 5
1458 5
1459 5
1460 5
1461 4
1462 1
1463 4
1464 2
1465 6
1466 3
1469 4
1470 2
1471 3
1473 4
1474 5
1475 6
1476 8
1477 3
1478 3
1479 5
1480 4
1481 4
1482 2
1483 6
1484 2
1485 3
1486 5
1487 1
1488 5
1489 3
1490 5
1491 1
1492 8
1493 2
1494 5
1495 3
1496 3
1497 7
1498 1
1499 6
1500 2
1501 3
1502 7
1504 4
1505 6
1506 3
1507 2
1508 1
1509 5
1510 7
1511 2
1512 3
1513 4
1514 3
1515 2
1517 3
1518 2
1519 3
1520 2
1521 5
1522 4
1523 4
1525 3
1526 7
1527 5
1528 2
1529 1
1530 6
1531 5
1533 1
1534 3
1535 3
1536 1
1538 4
1539 3
1540 3
1541 4
1542 2
1543 3
1544 2
1545 4
1546 1
1547 4
1548 2
1549 3
1550 1
1551 2
1552 4
1553 5
1554 4
1555 1
1557 3
1558 2
1559 2
1560 1
1561 3
1562 7
1563 4
1564 4
1565 4
1566 2
1567 4
1568 4
1569 1
1570 1
1571 5
1572 3
1573 3
1574 4
1575 3
1576 2
1577 3
1578 2
1579 5
1580 7
1581 3
1582 2
1583 1
1584 3
1585 1
1586 3
1587 2
1588 1
1589 2
1590 1
1591 2
1592 4
1593 1
1594 6
1595 4
1596 6
1597 1
1598 4
1599 3
1602 2
1603 3
1604 2
1605 2
1606 2
1607 2
1608 3
1609 4
1610 5
1611 2
1612 2
1613 6
1614 1
1615 1
1616 2
1617 5
1618 4
1620 3
1621 2
1622 4
1623 5
1624 2
1625 1
1626 5
1627 3
1628 1
1629 3
1630 4
1631 1
1632 3
1633 4
1634 2
1635 6
1636 1
1637 2
1638 4
1639 1
1640 1
1641 2
1642 2
1643 7
1644 3
1645 4
1646 2
1647 3
1648 2
1649 2
1650 2
1652 1
1653 3
1654 2
1655 3
1656 3
1657 6
1658 2
1659 1
1660 2
1661 3
1663 1
1664 3
1665 1
1666 3
1667 3
1668 3
1669 2
1670 3
1671 2
1672 1
1674 2
1675 2
1676 3
1677 3
1678 3
1679 2
1680 2
1681 4
1682 2
1683 2
1684 3
1685 4
1686 2
1687 3
1688 2
1689 2
1690 5
1691 3
1692 1
1693 4
1694 2
1696 3
1697 2
1698 2
1699 1
1700 3
1702 3
1703 1
1704 2
1705 6
1706 3
1709 2
1710 3
1711 2
1712 2
1715 3
1716 3
1717 3
1718 1
1719 4
1720 2
1721 1
1722 3
1723 6
1724 2
1725 4
1727 2
1728 1
1729 3
1730 6
1732 5
1733 3
1734 2
1737 2
1738 5
1739 1
1740 2
1741 4
1742 1
1743 3
1744 2
1745 2
1746 2
1747 3
1748 1
1750 4
1751 5
1752 2
1753 2
1754 2
1756 3
1757 2
1758 3
1759 4
1760 1
1761 1
1762 4
1763 1
1764 4
1765 2
1767 3
1769 3
1770 1
1771 1
1772 3
1773 3
1774 1
1775 3
1776 4
1777 2
1778 2
1779 2
1780 3
1781 3
1782 1
1783 2
1784 5
1785 1
1786 1
1787 1
1788 1
1790 1
1792 3
1793 3
1794 1
1795 3
1796 3
1797 1
1798 3
1799 1
1800 1
1801 1
1802 1
1803 2
1805 2
1806 1
1807 2
1808 2
1809 1
1810 2
1811 3
1812 1
1815 4
1816 5
1817 2
1819 5
1820 2
1821 5
1822 3
1823 4
1826 2
1827 2
1828 1
1829 3
1830 1
1831 3
1832 2
1833 2
1834 1
1836 2
1837 3
1838 1
1840 1
1842 2
1843 2
1844 2
1845 5
1846 1
1847 1
1848 1
1849 4
1850 3
1851 2
1852 3
1853 2
1854 1
1855 1
1856 3
1857 1
1858 1
1859 4
1860 1
1861 5
1862 1
1863 1
1864 2
1865 2
1866 1
1867 2
1868 4
1869 3
1870 4
1871 1
1872 2
1876 3
1877 6
1878 2
1879 1
1880 2
1881 4
1882 2
1883 3
1884 1
1885 2
1886 1
1887 2
1888 3
1889 1
1892 1
1893 1
1894 1
1895 1
1896 2
1897 4
1899 1
1901 2
1902 2
1903 2
1904 3
1906 1
1907 1
1908 1
1909 1
1910 1
1911 2
1912 2
1914 2
1915 3
1916 2
1917 2
1918 3
1919 3
1920 1
1921 2
1922 2
1923 2
1924 3
1925 1
1926 1
1927 3
1928 3
1930 1
1931 6
1932 1
1933 2
1935 2
1937 1
1938 2
1939 2
1940 3
1941 3
1942 3
1943 3
1944 1
1945 1
1946 5
1947 3
1948 4
1949 3
1950 2
1951 3
1953 3
1954 1
1955 2
1957 1
1958 1
1960 1
1961 1
1962 1
1963 2
1964 1
1965 3
1966 1
1968 1
1969 1
1970 2
1971 1
1972 3
1973 2
1974 2
1975 2
1976 1
1977 1
1978 6
1980 3
1982 3
1983 2
1985 1
1987 1
1988 2
1989 7
1990 3
1991 4
1992 2
1993 1
1994 2
1995 2
1996 2
1997 1
1998 2
1999 5
2000 3
2001 1
2002 1
2004 1
2005 4
2006 3
2009 2
2010 3
2012 3
2013 2
2014 1
2015 1
2016 3
2017 4
2019 4
2020 2
2021 3
2022 1
2023 4
2024 1
2025 6
2026 1
2027 2
2028 2
2029 1
2032 1
2033 1
2035 1
2036 3
2038 1
2039 2
2040 1
2041 2
2042 4
2044 2
2046 1
2047 3
2048 2
2049 2
2050 2
2051 3
2052 1
2053 3
2054 1
2055 1
2056 1
2057 2
2058 1
2059 2
2062 2
2063 4
2064 3
2065 1
2067 2
2068 3
2069 3
2070 3
2071 4
2072 1
2073 2
2075 1
2076 2
2077 1
2078 1
2079 1
2081 3
2082 1
2083 2
2086 1
2087 1
2088 1
2089 2
2090 3
2091 2
2092 1
2094 4
2095 3
2096 3
2097 1
2098 3
2099 2
2100 2
2103 2
2104 3
2105 2
2106 3
2107 1
2108 2
2109 1
2110 2
2111 4
2113 1
2114 1
2118 1
2120 3
2121 1
2122 3
2124 1
2125 1
2127 2
2128 2
2129 2
2130 4
2131 2
2132 2
2133 1
2134 1
2135 1
2136 3
2137 1
2138 3
2139 2
2141 3
2142 1
2143 2
2144 2
2145 2
2146 2
2147 2
2148 1
2149 1
2151 1
2152 2
2153 1
2154 1
2156 2
2157 1
2158 1
2159 1
2160 1
2162 1
2164 4
2165 3
2166 3
2167 1
2168 1
2169 1
2170 2
2171 3
2172 2
2174 1
2175 6
2177 2
2178 1
2180 1
2181 1
2182 1
2183 2
2184 2
2185 3
2186 1
2187 2
2188 1
2189 3
2190 1
2192 2
2197 1
2198 2
2200 2
2202 1
2203 1
2204 2
2205 1
2206 1
2211 1
2212 1
2213 1
2214 3
2215 3
2216 1
2217 1
2218 3
2220 2
2221 3
2222 1
2225 1
2227 6
2228 2
2230 2
2233 2
2234 1
2239 1
2240 1
2242 1
2244 1
2246 3
2247 1
2249 2
2251 1
2252 1
2253 2
2254 1
2255 1
2256 1
2258 2
2260 2
2261 1
2262 1
2263 3
2266 2
2269 1
2273 2
2274 1
2275 1
2278 2
2279 1
2280 1
2281 1
2288 1
2290 2
2291 1
2293 3
2295 1
2296 5
2297 1
2300 4
2301 2
2303 1
2305 2
2307 1
2309 3
2310 2
2312 3
2313 1
2314 3
2317 2
2318 1
2319 1
2320 2
2321 1
2322 1
2323 1
2326 1
2327 2
2328 1
2329 1
2331 1
2332 3
2333 1
2335 3
2336 2
2337 1
2338 2
2339 1
2340 1
2341 1
2342 2
2343 3
2344 2
2350 1
2351 2
2352 2
2353 2
2357 1
2358 1
2360 2
2361 2
2362 1
2363 1
2364 1
2366 3
2370 3
2371 1
2373 1
2374 1
2375 1
2376 1
2377 2
2379 2
2380 1
2381 1
2382 2
2383 1
2386 1
2387 2
2389 1
2390 2
2392 2
2394 1
2395 1
2397 1
2398 2
2399 1
2400 1
2402 2
2404 2
2406 3
2408 1
2409 1
2411 1
2412 1
2413 3
2414 1
2415 1
2416 1
2417 1
2418 1
2420 3
2421 1
2424 1
2425 1
2426 1
2427 1
2429 1
2431 2
2433 4
2434 2
2435 1
2436 1
2437 3
2438 1
2439 2
2440 3
2444 1
2445 2
2448 1
2449 2
2450 1
2451 1
2452 1
2453 1
2454 1
2455 3
2456 1
2458 2
2462 2
2463 1
2464 1
2465 2
2466 1
2468 3
2469 1
2470 1
2471 2
2472 1
2475 1
2476 1
2478 1
2479 1
2481 1
2482 2
2483 1
2484 1
2485 2
2486 2
2487 2
2489 3
2492 2
2493 2
2497 1
2498 2
2499 2
2500 1
2501 2
2502 1
2505 1
2506 2
2507 2
2508 3
2509 2
2510 2
2512 1
2514 1
2515 2
2517 2
2518 2
2519 1
2521 1
2522 1
2523 1
2524 2
2525 1
2527 1
2530 2
2532 2
2533 3
2534 1
2535 2
2536 1
2538 1
2539 4
2540 1
2544 2
2545 1
2546 2
2548 1
2549 1
2551 1
2552 1
2553 2
2555 1
2556 1
2557 3
2559 1
2560 2
2561 1
2562 1
2563 4
2565 1
2566 2
2568 1
2570 2
2572 1
2573 1
2574 1
2575 1
2576 2
2579 3
2580 1
2581 1
2582 1
2583 1
2585 3
2587 1
2588 1
2589 1
2590 1
2593 1
2594 2
2601 4
2602 1
2603 1
2605 1
2606 2
2610 1
2613 2
2615 1
2616 1
2617 1
2618 2
2619 2
2622 1
2623 1
2624 1
2625 2
2627 1
2628 1
2629 1
2633 1
2634 1
2636 3
2638 1
2640 1
2642 2
2644 2
2645 1
2647 2
2649 3
2651 2
2655 5
2656 2
2657 1
2658 1
2659 1
2660 1
2661 2
2664 1
2665 2
2666 2
2667 1
2668 3
2669 1
2673 2
2674 1
2675 1
2676 1
2678 2
2682 1
2683 1
2685 1
2687 2
2688 1
2689 1
2690 1
2693 3
2695 2
2697 1
2698 3
2704 1
2707 1
2708 3
2709 1
2711 1
2712 2
2713 1
2716 1
2718 2
2720 1
2721 1
2722 1
2725 1
2726 1
2727 2
2728 2
2730 2
2731 2
2735 1
2736 1
2738 4
2741 1
2742 2
2746 1
2747 1
2748 3
2751 1
2752 1
2753 1
2754 2
2755 3
2757 2
2758 1
2761 1
2763 1
2764 2
2766 3
2768 1
2770 2
2771 2
2774 1
2776 1
2777 1
2780 2
2781 1
2782 1
2785 1
2787 1
2789 1
2792 1
2793 1
2796 2
2799 2
2801 3
2803 1
2805 3
2806 1
2807 1
2810 2
2813 2
2814 1
2815 1
2816 4
2817 1
2820 1
2821 1
2823 2
2824 1
2825 1
2826 1
2827 1
2831 1
2836 2
2838 1
2843 2
2847 2
2850 1
2856 1
2858 1
2859 2
2860 1
2861 1
2865 4
2866 3
2869 1
2872 2
2873 2
2874 2
2878 1
2882 1
2883 1
2884 2
2887 1
2888 1
2892 1
2893 1
2894 1
2895 2
2897 2
2903 1
2905 1
2906 1
2912 1
2914 1
2916 3
2917 1
2918 1
2919 1
2920 1
2924 2
2928 2
2929 1
2930 1
2933 1
2935 1
2938 1
2939 3
2942 1
2944 2
2947 2
2949 1
2954 1
2957 1
2959 1
2960 3
2961 1
2964 3
2965 2
2966 1
2969 1
2971 1
2972 1
2973 1
2976 1
2977 1
2978 2
2979 1
2982 1
2990 1
2998 1
2999 2
3002 1
3004 1
3006 2
3008 1
3009 1
3010 2
3015 1
3018 1
3021 2
3022 1
3023 1
3025 2
3027 1
3032 2
3033 3
3037 1
3039 1
3041 1
3042 1
3045 1
3050 2
3055 2
3057 2
3062 1
3066 1
3068 2
3069 1
3073 1
3079 2
3081 1
3085 1
3086 2
3091 2
3095 1
3098 1
3100 5
3104 2
3106 1
3107 1
3109 2
3110 2
3117 1
3120 1
3121 1
3125 1
3126 2
3128 1
3136 1
3139 1
3142 1
3148 1
3149 1
3150 1
3159 1
3162 1
3163 1
3164 3
3165 2
3166 3
3167 1
3173 1
3175 2
3176 1
3179 1
3184 1
3185 1
3187 1
3192 1
3195 1
3196 1
3199 2
3201 1
3205 1
3206 1
3208 1
3209 1
3210 2
3212 1
3214 1
3216 1
3218 1
3219 1
3220 1
3221 2
3223 2
3224 1
3227 2
3228 1
3233 2
3234 1
3235 1
3239 1
3241 1
3244 1
3245 1
3250 1
3251 2
3252 1
3265 3
3266 1
3267 1
3270 1
3276 1
3283 1
3288 1
3289 1
3292 2
3293 1
3296 1
3298 2
3300 1
3305 2
3306 1
3307 1
3308 1
3313 1
3315 1
3319 1
3326 1
3327 2
3328 1
3339 1
3345 1
3353 1
3354 1
3358 1
3359 1
3360 1
3361 1
3362 1
3363 1
3365 1
3369 1
3371 3
3379 1
3385 1
3386 1
3393 1
3394 1
3395 1
3398 2
3400 1
3412 1
3413 1
3414 2
3415 1
3416 1
3419 1
3425 1
3427 2
3435 1
3438 1
3439 1
3443 1
3446 1
3447 1
3450 1
3458 1
3461 1
3462 2
3463 2
3465 1
3466 2
3467 3
3468 1
3471 1
3472 2
3473 1
3477 1
3478 2
3484 1
3491 2
3495 1
3496 1
3497 1
3500 1
3509 1
3517 2
3523 1
3528 1
3530 2
3538 1
3542 1
3545 1
3551 1
3554 1
3557 1
3568 1
3572 1
3574 1
3576 1
3578 2
3583 1
3586 2
3589 1
3593 1
3596 1
3598 1
3605 1
3609 1
3610 2
3613 1
3616 2
3624 1
3627 1
3629 1
3631 1
3632 1
3633 1
3636 1
3640 1
3648 1
3657 1
3662 1
3667 1
3675 1
3679 1
3681 2
3688 1
3695 1
3699 1
3711 1
3713 1
3718 1
3723 1
3724 1
3727 1
3729 1
3731 1
3733 1
3735 1
3738 1
3739 1
3740 1
3752 1
3753 1
3757 1
3764 1
3767 1
3768 2
3770 2
3771 1
3774 1
3780 1
3783 1
3802 1
3804 2
3805 1
3812 1
3817 1
3819 1
3840 1
3844 2
3848 1
3860 1
3863 2
3869 1
3872 3
3878 1
3883 1
3892 1
3893 1
3898 2
3900 1
3912 1
3913 1
3915 1
3921 1
3924 1
3931 1
3933 2
3934 1
3938 1
3949 1
3958 1
3963 1
3968 1
3974 1
3977 2
3987 2
4013 1
4037 1
4052 1
4058 1
4060 2
4061 1
4062 2
4065 1
4069 1
4075 1
4079 1
4082 1
4102 1
4103 1
4107 1
4115 1
4122 1
4124 1
4127 1
4130 1
4133 1
4136 2
4146 2
4152 1
4164 1
4166 1
4167 1
4174 1
4190 1
4195 2
4203 1
4220 1
4224 1
4225 1
4227 1
4229 1
4232 1
4233 1
4243 1
4252 1
4256 1
4272 1
4280 1
4281 1
4290 1
4303 1
4305 1
4323 1
4325 1
4326 1
4327 1
4330 1
4340 1
4342 1
4351 1
4353 1
4355 1
4356 1
4357 1
4365 1
4372 1
4396 1
4411 1
4425 2
4427 1
4429 1
4434 1
4436 1
4457 3
4467 1
4481 1
4487 1
4489 1
4491 1
4497 1
4498 1
4501 1
4542 1
4546 1
4552 1
4570 1
4577 2
4597 1
4604 1
4606 1
4622 1
4650 1
4653 1
4690 1
4696 1
4699 1
4702 1
4704 1
4743 1
4755 1
4762 1
4773 1
4792 1
4825 1
4836 1
4848 1
4871 1
4893 1
4911 1
4921 1
4925 1
4933 1
4976 1
4979 1
4992 1
5004 1
5005 1
5010 1
5038 1
5045 1
5069 1
5127 1
5166 1
5168 1
5172 1
5176 1
5182 1
5191 1
5204 1
5220 1
5257 1
5260 1
5262 1
5279 1
5313 1
5319 1
5368 1
5378 1
5389 1
5446 1
5500 1
5511 1
5517 1
5560 1
5604 1
5639 1
5674 1
5693 1
5726 1
5799 1
5835 1
5907 1
5915 1
6044 1
6059 1
6108 1
6129 1
6149 1
6222 1
6226 1
6238 1
6247 1
6273 1
6295 1
6311 1
6359 1
6614 1
6696 1
6720 1
6772 2
6798 1
6806 1
6815 1
6819 1
6892 1
6997 1
7042 1
7088 1
7090 1
7107 1
7241 1
7353 1
7458 1
7474 1
