0.0310267	0.19907	-0.0597216	0.195324
0.0644257	0.196028	-0.122061	0.195139
0.0997474	0.190593	-0.185091	0.194587
0.13861	0.18212	-0.250147	0.19336
0.180584	0.170249	-0.314357	0.191092
0.225555	0.154714	-0.375042	0.187383
0.273657	0.135319	-0.429464	0.181808
0.322164	0.113398	-0.47228	0.174466
0.368938	0.0905805	-0.501309	0.165832
0.413918	0.0676254	-0.517413	0.156258
0.457066	0.0451665	-0.521796	0.14613
0.498239	0.0237701	-0.515908	0.135849
0.537135	0.00395641	-0.501496	0.125826
0.568638	-0.0115767	-0.48373	0.117654
0.600314	-0.0265467	-0.460607	0.109532
0.633641	-0.0414168	-0.43089	0.101237
0.670555	-0.056623	-0.391977	0.0925291
0.710564	-0.071354	-0.343353	0.0838827
0.753511	-0.0848615	-0.284635	0.0757747
0.799497	-0.0963843	-0.21556	0.0687185
0.844008	-0.104401	-0.143995	0.0637265
0.886261	-0.108995	-0.0731149	0.0608272
0.925916	-0.11055	-0.00514402	0.0598365
0.957148	-0.10987	0.048659	0.0602744
0.98868	-0.107483	0.102642	0.0618211
1.02308	-0.102953	0.160528	0.0647752
1.06094	-0.0956992	0.222243	0.0695376
1.10174	-0.0853298	0.28545	0.0763971
1.14523	-0.0715331	0.347963	0.0856017
1.19139	-0.0540667	0.407554	0.0973705
1.23646	-0.0345323	0.457908	0.110682
1.27871	-0.0143293	0.497221	0.124621
1.31381	0.00360552	0.523608	0.137146
1.34893	0.0223701	0.543991	0.150415
1.38093	0.0399987	0.557142	0.163042
1.41678	0.0601445	0.565612	0.177678
1.45562	0.082173	0.567247	0.193953
1.49701	0.10554	0.560403	0.211555
1.54071	0.1297	0.543773	0.230157
1.58662	0.154074	0.516328	0.249387
1.63476	0.178031	0.477292	0.2688
1.68526	0.200881	0.426121	0.287856
1.73732	0.221481	0.36382	0.305566
1.78716	0.237967	0.296648	0.320171
1.83479	0.250458	0.227091	0.331554
1.88029	0.25921	0.157167	0.339741
1.92359	0.264538	0.0887226	0.344844
1.96445	0.266831	0.0235219	0.347086
1.99804	0.266724	-0.0298157	0.346977
2.03173	0.264829	-0.0824813	0.345057
2.06554	0.261167	-0.133953	0.341295
2.10308	0.255098	-0.188879	0.334979
2.14374	0.246264	-0.244943	0.325666
2.18725	0.234389	-0.300096	0.312995
2.23354	0.219259	-0.352313	0.296685
2.28278	0.200712	-0.399485	0.276531
2.3354	0.178594	-0.439319	0.252376
2.38841	0.154506	-0.467536	0.226036
2.43976	0.130049	-0.482934	0.199368
2.48953	0.105882	-0.48644	0.173195
2.53778	0.0825409	-0.47919	0.148176
2.58457	0.0604776	-0.462458	0.12485
2.62984	0.0400724	-0.437648	0.103635
2.67347	0.0216363	-0.406308	0.0848368
2.71518	0.00542098	-0.370171	0.0686574
2.75442	-0.00835668	-0.331314	0.0552267
2.78987	-0.0194242	-0.292723	0.0446922
2.82668	-0.0294157	-0.249713	0.0354179
2.86837	-0.0387616	-0.198161	0.026995
2.91338	-0.0463829	-0.140172	0.0203639
2.95674	-0.0512259	-0.0831251	0.0163101
2.99785	-0.0535285	-0.0289602	0.0144559
3.03621	-0.053681	0.0208211	0.0143334
3.07079	-0.0522027	0.0644367	0.0154261
3.10434	-0.0493531	0.105117	0.0174574
3.14175	-0.0446099	0.148011	0.0207032
3.18239	-0.0377065	0.191024	0.025211
3.22567	-0.0285348	0.231969	0.0308943
3.26695	-0.0182422	0.265717	0.0369334
3.30585	-0.00737309	0.292275	0.0429786
3.342	0.00356395	0.312072	0.0487567
3.37457	0.0139637	0.325691	0.0539927
3.40525	0.0241014	0.33474	0.0588715
3.4394	0.0356439	0.340431	0.0641715
3.4763	0.0482384	0.341351	0.0696601
3.51554	0.0615559	0.336401	0.0751436
3.55689	0.0752491	0.324702	0.0804484
3.60025	0.088938	0.305564	0.0854179
3.64559	0.102204	0.278472	0.0899122
3.69297	0.114585	0.24308	0.0938094
3.74226	0.125519	0.199465	0.096991
3.78936	0.133822	0.152307	0.0992192
3.83416	0.139564	0.103472	0.100641
3.87659	0.142923	0.0545228	0.101409
3.9164	0.144152	0.00699682	0.101669
3.94806	0.143767	-0.0313852	0.101596
3.97996	0.142146	-0.0702056	0.101305
4.01401	0.139054	-0.111349	0.100793
4.0515	0.134042	-0.155789	0.100043
4.09188	0.126812	-0.201964	0.0990879
4.13486	0.117123	-0.248422	0.0979974
4.18033	0.104781	-0.293691	0.096875
4.22836	0.0896311	-0.336221	0.0958613
4.27916	0.0715493	-0.374336	0.0951377
4.32803	0.0525099	-0.403526	0.0949242
4.37435	0.0333202	-0.423865	0.0952703
4.41802	0.0145178	-0.436182	0.0961603
4.45872	-0.00336369	-0.441517	0.0975242
4.49565	-0.0196797	-0.441194	0.0992238
4.52915	-0.0343933	-0.436688	0.101144
4.56677	-0.0506551	-0.426949	0.103713
4.6077	-0.0678197	-0.41094	0.106965
4.65154	-0.0853535	-0.387878	0.1109
4.69816	-0.102745	-0.357189	0.115474
4.74761	-0.119475	-0.318479	0.120575
4.79918	-0.134733	-0.272396	0.125915
4.84884	-0.147064	-0.223649	0.130795
4.89653	-0.156553	-0.173909	0.13497
4.9423	-0.163387	-0.124507	0.138267
4.98609	-0.167792	-0.0766458	0.140569
5.0277	-0.170038	-0.0314296	0.141827
5.0667	-0.170451	0.0100625	0.142069
5.10217	-0.169442	0.0465716	0.141431
5.13498	-0.16738	0.0789032	0.140072
5.17183	-0.163833	0.113198	0.137635
5.21202	-0.158579	0.147685	0.13387
5.25526	-0.15146	0.180864	0.128548
5.30154	-0.142365	0.211285	0.121466
5.35111	-0.131214	0.237452	0.112435
5.40405	-0.118076	0.257524	0.101395
5.45577	-0.104427	0.268924	0.0895459
5.50626	-0.0907362	0.272092	0.0773313
5.55565	-0.0773767	0.267647	0.0651397
5.60405	-0.0646705	0.256289	0.0533281
5.65154	-0.0528897	0.238786	0.042213
5.69821	-0.0422578	0.215943	0.0320643
5.74415	-0.0329501	0.188581	0.0231009
5.78945	-0.0250968	0.157504	0.0154899
5.83429	-0.0187874	0.123449	0.0093493
5.87895	-0.0140796	0.0870102	0.00475672
5.92205	-0.0111181	0.0501988	0.00186566
5.96278	-0.00979711	0.0145893	0.000576738
5.99644	-0.00980406	-0.0149924	0.000583369
6.03017	-0.0108069	-0.044403	0.00155808
6.06358	-0.0127694	-0.0729628	0.00346076
6.10074	-0.0160554	-0.103666	0.00663636
6.14101	-0.0208715	-0.135187	0.0112722
6.18198	-0.0270285	-0.164877	0.0171716
6.2235	-0.0344477	-0.191995	0.0242451
6.26581	-0.0430936	-0.216087	0.0324449
6.30905	-0.0528968	-0.236577	0.0416916
6.35332	-0.0637482	-0.25284	0.0518702
6.39869	-0.0754977	-0.264248	0.0628296
6.44521	-0.0879533	-0.270195	0.0743835
6.49297	-0.100881	-0.270131	0.0863105
6.54206	-0.114006	-0.263579	0.0983554
6.59258	-0.127012	-0.250154	0.11023
6.6447	-0.139543	-0.229578	0.121612
6.69843	-0.151159	-0.201811	0.132111
6.74939	-0.160654	-0.170021	0.14065
6.79785	-0.168075	-0.135608	0.147291
6.84405	-0.173522	-0.0997185	0.15214
6.88803	-0.177116	-0.0634286	0.155323
6.92966	-0.179017	-0.0277766	0.156998
6.96855	-0.179438	0.00617602	0.157367
7.0039	-0.178672	0.0371679	0.156701
7.03592	-0.177035	0.065042	0.155287
7.07189	-0.17414	0.0958009	0.152805
7.11099	-0.169757	0.128176	0.149081
7.15282	-0.1637	0.161104	0.143992
7.19719	-0.15582	0.193554	0.137463
7.24408	-0.146004	0.224473	0.129463
7.29362	-0.134164	0.252749	0.120008
7.34615	-0.120219	0.277184	0.109148
7.40151	-0.104315	0.296189	0.0971355
7.45519	-0.0880797	0.307616	0.0853036
7.50715	-0.0719533	0.311937	0.0740101
7.55753	-0.0562664	0.309803	0.0634976
7.60637	-0.0413048	0.301944	0.0539439
7.65364	-0.0273141	0.289179	0.0454676
7.69921	-0.0145027	0.272411	0.0381344
7.74278	-0.00305008	0.252664	0.0319652
7.77966	0.00591836	0.233439	0.0274185
7.81651	0.0141365	0.212221	0.0234981
7.85521	0.0218878	0.188132	0.0200441
7.8992	0.0295292	0.158967	0.0169076
7.94694	0.0363324	0.12584	0.0143854
7.99326	0.0414005	0.0929441	0.0127167
8.03779	0.044833	0.0612841	0.0117252
8.08035	0.0468061	0.0315723	0.0112314
8.12061	0.0475273	0.00444236	0.0110761
8.15322	0.0473275	-0.0165272	0.01111
8.18601	0.046455	-0.0364824	0.0112381
8.22095	0.0448298	-0.0562692	0.0114291
8.25973	0.0422543	-0.0761767	0.0116487
8.30193	0.0386304	-0.0950774	0.0118312
8.34753	0.0338952	-0.111933	0.0118935
8.39203	0.0286194	-0.124524	0.0117663
8.43513	0.0230584	-0.132895	0.0114357
8.47679	0.017418	-0.137305	0.0109129
8.51691	0.0118821	-0.138098	0.0102274
8.55532	0.00661403	-0.135704	0.00942209
8.59171	0.00175867	-0.130648	0.00854965
8.62178	-0.00208129	-0.124494	0.00777062
8.65192	-0.00571885	-0.116603	0.0069584
8.68202	-0.00908889	-0.107089	0.00613884
8.71542	-0.0124645	-0.0947399	0.0052491
8.75155	-0.0156172	-0.0794321	0.00434981
8.79015	-0.0183356	-0.061087	0.00351312
8.83115	-0.0204072	-0.0396753	0.00282762
8.8721	-0.0215659	-0.016679	0.00241793
8.91045	-0.0217743	0.00595286	0.00234082
8.94514	-0.0212031	0.0270511	0.0025687
8.97726	-0.0200164	0.0468714	0.00306162
9.01316	-0.017935	0.069088	0.00396269
9.05205	-0.0147833	0.0929112	0.0053871
9.09354	-0.0104122	0.117641	0.0074509
9.13743	-0.00469659	0.142568	0.0102708
9.17522	0.00107539	0.162657	0.0132343
9.2091	0.00687351	0.17934	0.0163129
9.24306	0.0132275	0.194603	0.0197924
9.28033	0.020764	0.20947	0.0240513
9.32042	0.0294405	0.223036	0.0291193
9.36275	0.0391332	0.234415	0.0349781
9.40701	0.0497091	0.242868	0.0415979
9.45303	0.0610144	0.247763	0.048929
9.50073	0.0728695	0.24855	0.0568959
9.5501	0.0850669	0.244767	0.0653924
9.6012	0.0973705	0.236036	0.0742768
9.65413	0.109516	0.222072	0.0833682
9.70909	0.121209	0.202684	0.0924417
9.76324	0.131569	0.179253	0.100765
9.81494	0.140184	0.153474	0.107912
9.86449	0.147122	0.126253	0.113838
9.91206	0.15247	0.0983738	0.118529
9.95771	0.156329	0.0705557	0.121996
10.0014	0.158819	0.0434642	0.12428
10.0428	0.160087	0.0177246	0.125465
10.0816	0.160312	-0.00603873	0.125678
10.1169	0.159726	-0.0270789	0.125112
10.1496	0.158532	-0.045907	0.123945
10.1862	0.156478	-0.0660431	0.121915
10.226	0.153432	-0.0865285	0.11887
10.2688	0.149295	-0.10656	0.114691
10.3144	0.143999	-0.125375	0.10929
10.3629	0.137498	-0.142201	0.102602
10.4147	0.129751	-0.156229	0.0945808
10.4706	0.120695	-0.166544	0.085161
10.5285	0.110884	-0.171768	0.074937
10.5855	0.101074	-0.171524	0.0647259
10.6418	0.091535	-0.166198	0.0548375
10.6978	0.0824908	-0.156227	0.0455276
10.7537	0.074136	-0.142075	0.0370114
10.8081	0.0668674	-0.12484	0.0296934
10.8597	0.0608974	-0.105856	0.0237688
10.9092	0.0561529	-0.0858853	0.0191345
10.9566	0.0525579	-0.0655821	0.0156828
11.0021	0.0500289	-0.0455355	0.0132983
11.0456	0.0484674	-0.0262764	0.0118535
11.0869	0.0477558	-0.00828917	0.0112072
11.1215	0.0477238	0.00635778	0.0111782
11.1562	0.0481893	0.0203837	0.0115843
11.19	0.0491	0.0333087	0.0123653
11.2279	0.0506197	0.0466872	0.0136427
11.2693	0.0528274	0.0597414	0.0154559
11.314	0.0557775	0.0717717	0.0178162
11.3624	0.0595091	0.0820615	0.0207145
11.4138	0.0639372	0.089635	0.0240414
11.4652	0.0686676	0.0935431	0.0274707
11.5171	0.0735339	0.0936515	0.0308688
11.5695	0.0783603	0.0898473	0.0341085
11.6227	0.0829552	0.0820508	0.0370665
11.6747	0.086946	0.0708127	0.0395259
11.7234	0.0900737	0.0573207	0.041371
11.7692	0.0923637	0.0422512	0.0426651
11.8125	0.0938505	0.0262017	0.0434704
11.8532	0.0945857	0.0097684	0.0438527
11.8869	0.0946732	-0.00469737	0.043897
11.9207	0.0942613	-0.0197461	0.0437002
11.9526	0.0934005	-0.0343119	0.0433035
11.9882	0.091887	-0.0508236	0.0426342
12.0267	0.0895863	-0.0687743	0.0416646
12.0676	0.0863807	-0.0877175	0.0403865
12.1108	0.0821679	-0.1072	0.0388099
12.1562	0.0768599	-0.126738	0.0369635
12.2036	0.0703837	-0.145809	0.034894
12.2533	0.0626786	-0.163843	0.0326662
12.3055	0.0536923	-0.180223	0.0303627
12.3606	0.0433682	-0.194264	0.0280837
12.4136	0.0327882	-0.204312	0.026139
12.464	0.0223125	-0.210504	0.0245953
12.5119	0.0121619	-0.213241	0.0234607
12.5569	0.00254997	-0.213005	0.0227174
12.5936	-0.00522611	-0.210822	0.0223568
12.6304	-0.0129235	-0.206878	0.0222176
12.6685	-0.0206939	-0.201028	0.0223045
12.7108	-0.0290193	-0.19254	0.022662
12.7567	-0.0376027	-0.18114	0.0233334
12.806	-0.0461944	-0.166625	0.0243363
12.859	-0.0545603	-0.148852	0.0256612
12.9115	-0.0618789	-0.129462	0.0271364
12.9624	-0.0679566	-0.109532	0.0286187
13.0116	-0.072858	-0.0896077	0.0300139
13.0592	-0.0766655	-0.0701517	0.0312467
13.1054	-0.0794714	-0.0515673	0.0322603
13.1499	-0.0813783	-0.0342	0.0330168
13.1927	-0.0824981	-0.0183405	0.0334984
13.2333	-0.0829535	-0.004233	0.0337079
13.2672	-0.0829105	0.00663335	0.0336861
13.3011	-0.0825138	0.0166107	0.0334809
13.3358	-0.0817752	0.0257864	0.0330814
13.3746	-0.0805965	0.0347044	0.0324144
13.4171	-0.0789421	0.042736	0.0314335
13.4636	-0.0767941	0.0493125	0.0300986
13.5149	-0.0741358	0.0538236	0.0283671
13.5708	-0.0710685	0.0554238	0.026274
13.6264	-0.06802	0.0536515	0.0241014
13.682	-0.0651614	0.0486912	0.0219835
13.7347	-0.0627799	0.0412816	0.0201582
13.7833	-0.0609827	0.0323701	0.0187408
13.8288	-0.0597299	0.0224724	0.0177289
13.8715	-0.0589887	0.0120366	0.0171179
13.9115	-0.0587162	0.00150542	0.0168895
13.943	-0.0588057	-0.00722431	0.016966
13.9749	-0.0591794	-0.0162745	0.0172882
14.0089	-0.0599006	-0.0261013	0.017917
14.0464	-0.0610814	-0.0369391	0.0189582
14.0867	-0.0628019	-0.0484339	0.0204925
14.1295	-0.0651304	-0.060237	0.0225926
14.1747	-0.0681246	-0.0719769	0.0253223
14.2224	-0.0718322	-0.0832475	0.0287376
14.2728	-0.0762943	-0.093598	0.0328885
14.3264	-0.0815534	-0.102518	0.0378266
14.384	-0.0876792	-0.109399	0.0436294
14.4438	-0.0943464	-0.113247	0.0499962
14.5035	-0.101141	-0.113565	0.0565298
14.5637	-0.107892	-0.110241	0.0630603
14.6246	-0.114416	-0.1032	0.0694014
14.6813	-0.120006	-0.0934925	0.0748525
14.7343	-0.124663	-0.0818845	0.0794041
14.7846	-0.128457	-0.0688635	0.0831161
14.8325	-0.131427	-0.0548677	0.0860218
14.8783	-0.133609	-0.0403142	0.0881544
14.9219	-0.135049	-0.0256055	0.0895591
14.9631	-0.135808	-0.0111392	0.0902985
15.0017	-0.135972	0.00266827	0.0904577
15.0367	-0.135658	0.0153073	0.0901538
15.0685	-0.134989	0.026757	0.0895101
15.1042	-0.133807	0.039448	0.0883786
15.1429	-0.132018	0.0528965	0.0866754
15.1843	-0.129542	0.0667031	0.0843371
15.228	-0.126317	0.0804873	0.0813193
15.2741	-0.122293	0.0938653	0.0775966
15.3226	-0.117433	0.10644	0.0731609
15.3736	-0.111709	0.117796	0.0680205
15.4274	-0.105092	0.127491	0.0621946
15.4849	-0.0975418	0.135038	0.0557013
15.5472	-0.0889475	0.139851	0.0485207
15.6088	-0.0802808	0.14112	0.041521
15.6695	-0.0717576	0.139086	0.0348926
15.7297	-0.0635224	0.134058	0.0287511
15.7897	-0.0556954	0.126362	0.0231795
15.8499	-0.0483787	0.116341	0.0182338
15.9071	-0.0420441	0.105118	0.0141854
15.9619	-0.036604	0.0932011	0.0109078
16.0149	-0.0319841	0.0809996	0.00829267
16.0665	-0.0281227	0.0688756	0.00624701
16.1167	-0.024959	0.057146	0.00468513
16.1657	-0.0224289	0.046083	0.00352669
16.2137	-0.0204646	0.0359134	0.00269693
16.2607	-0.0189947	0.0268191	0.0021275
16.3067	-0.0179459	0.0189374	0.00175734
16.3519	-0.0172442	0.0123627	0.00153345
16.3962	-0.0168167	0.00714857	0.00141124
16.4398	-0.0165932	0.00331263	0.00135459
16.4832	-0.0165079	0.000845639	0.00133563
16.5278	-0.0165	-0.000245133	0.00133402
16.5515	-0.0165064	-0.00022454	0.00133505
16.575	-0.0165074	0.000206041	0.00133521
16.5986	-0.0164934	0.00104648	0.00133348
16.6235	-0.0164517	0.00237331	0.00132901
16.6524	-0.0163547	0.00445385	0.00132052
16.6841	-0.0161684	0.00739907	0.00130829
16.7182	-0.0158517	0.0112937	0.001295
16.7544	-0.0153573	0.0161904	0.00128669
16.7923	-0.014633	0.0221093	0.00129361
16.8319	-0.0136228	0.0290375	0.00133092
16.873	-0.0122682	0.0369276	0.00141931
16.9156	-0.0105095	0.0456973	0.00158532
16.9597	-0.00828739	0.0552278	0.00186159
17.0052	-0.00554403	0.0653641	0.00228684
17.0522	-0.0022247	0.0759142	0.00290574
17.1007	0.00172139	0.0866503	0.00376866
17.1509	0.0063404	0.0973084	0.00493145
17.1965	0.0109787	0.106356	0.00624642
17.244	0.016241	0.114958	0.00790016
17.2931	0.0220892	0.122743	0.00992374
17.3437	0.0284661	0.129364	0.0123378
17.3955	0.0353106	0.134514	0.015156
17.4486	0.0425513	0.137921	0.0183817
17.503	0.0501038	0.139337	0.0220057
17.5588	0.05787	0.138548	0.026003
17.6162	0.0657383	0.135376	0.0303312
17.6753	0.0735835	0.129686	0.0349285
17.7364	0.0812681	0.121386	0.0397116
17.7946	0.0880499	0.111435	0.044173
17.8501	0.0939305	0.100345	0.0482352
17.9034	0.09897	0.0884793	0.0518709
17.9549	0.103213	0.0761621	0.0550537
18.0048	0.106703	0.0636917	0.057764
18.0531	0.109482	0.0513383	0.0599924
18.0999	0.111603	0.0393435	0.0617416
18.1451	0.113122	0.0279204	0.0630267
18.1886	0.114103	0.0172542	0.0638753
18.2301	0.114615	0.00750625	0.0643274
18.2692	0.114737	-0.00117492	0.0644368
18.3013	0.114591	-0.00788104	0.0643027
18.3335	0.114235	-0.0141481	0.0639739
18.3695	0.113608	-0.0205831	0.0633874
18.409	0.112668	-0.02689	0.0624969
18.4517	0.111391	-0.032755	0.061273
18.4975	0.109767	-0.0378971	0.0596977
18.5468	0.10779	-0.0420444	0.0577605
18.6003	0.105456	-0.0449104	0.0554507
18.6601	0.102728	-0.0461332	0.0527283
18.7277	0.099627	-0.0451353	0.0496135
18.7875	0.0970014	-0.0423397	0.0469657
18.8478	0.0945734	-0.0379604	0.044514
18.9031	0.0926128	-0.0328219	0.0425366
18.9551	0.0910487	-0.0272463	0.0409634
19.0047	0.0898392	-0.021476	0.0397523
19.0522	0.0889541	-0.0157259	0.038871
19.0979	0.0883631	-0.0101853	0.0382864
19.1415	0.088032	-0.00501852	0.0379613
19.1829	0.0879216	-0.000367597	0.0378537
19.2166	0.0879691	0.00315146	0.0378995
19.2504	0.0881314	0.00639403	0.0380548
19.2877	0.0884313	0.00957019	0.0383393
19.3298	0.0888991	0.0125486	0.0387782
19.377	0.0895534	0.0150373	0.0393838
19.4317	0.0904271	0.0166769	0.0401794
19.4863	0.0913501	0.0168724	0.0410036
19.534	0.0921337	0.0158118	0.0416898
19.5824	0.0928488	0.0135427	0.0423037
19.6272	0.0933888	0.0103774	0.042758
19.6691	0.0937454	0.00652923	0.043052
19.7081	0.0939179	0.00219955	0.0431915
19.7399	0.0939249	-0.00183531	0.0431971
19.7719	0.093796	-0.00630394	0.0430969
19.8029	0.0935276	-0.0110242	0.0428918
19.8374	0.0930521	-0.0166434	0.0425355
19.8745	0.0923169	-0.0230873	0.0419966
19.9137	0.0912706	-0.0302849	0.0412488
19.9549	0.089863	-0.0381532	0.0402705
19.9978	0.0880458	-0.0465907	0.0390459
20.0423	0.0857726	-0.055475	0.0375657
20.0885	0.0830006	-0.0646616	0.0358278
20.1362	0.0796905	-0.0739842	0.0338382
20.1856	0.0758074	-0.0832549	0.0316113
20.2367	0.0713205	-0.0922653	0.0291703
20.2896	0.066203	-0.100788	0.0265471
20.3447	0.0604293	-0.108574	0.0237821
20.4024	0.0539704	-0.115357	0.0209229
20.4632	0.0467808	-0.120837	0.0180223
20.5258	0.0390846	-0.124555	0.0152413
20.5864	0.0314727	-0.126227	0.0128199
20.6451	0.0240663	-0.126044	0.0107814
20.7019	0.0169513	-0.124233	0.00912487
20.7568	0.0102065	-0.121045	0.00783642
20.8097	0.00390844	-0.11676	0.00689125
20.8602	-0.00185794	-0.111696	0.00625486
20.907	-0.00696467	-0.106266	0.00588387
20.9527	-0.0116882	-0.100416	0.00571112
21.006	-0.0168407	-0.0930823	0.00572181
21.0627	-0.0218947	-0.084866	0.00594999
21.1185	-0.0263945	-0.0766534	0.00635135
21.1732	-0.0303705	-0.068673	0.00687723
21.2271	-0.0338701	-0.0611021	0.00748739
21.2805	-0.0369433	-0.0540915	0.00814972
21.3336	-0.0396423	-0.0477672	0.00884026
21.3866	-0.0420225	-0.0422329	0.00954338
21.4398	-0.0441422	-0.037573	0.0102521
21.4938	-0.0460652	-0.0338596	0.0109692
21.5493	-0.0478646	-0.0311633	0.0117094
21.6078	-0.0496367	-0.0295796	0.0125076
21.6707	-0.0514781	-0.0292982	0.0134113
21.7343	-0.0533724	-0.0304284	0.0144178
21.7923	-0.0551923	-0.0325746	0.0154531
21.8504	-0.0571708	-0.0356465	0.0166467
21.906	-0.0592517	-0.0392811	0.0179692
21.9607	-0.0615104	-0.0433434	0.0194728
22.0154	-0.0640012	-0.0477026	0.0212021
22.0708	-0.0667666	-0.0522131	0.0231981
22.1273	-0.0698441	-0.0567102	0.0255015
22.1855	-0.0732701	-0.0610057	0.0281548
22.246	-0.077087	-0.0648808	0.0312082
22.3102	-0.08136	-0.0680702	0.0347342
22.3807	-0.0862393	-0.0702125	0.0388847
22.4549	-0.0914828	-0.0706737	0.0434774
22.5281	-0.0966116	-0.0691403	0.0480902
22.5949	-0.101129	-0.0659491	0.0522445
22.6552	-0.104983	-0.0615996	0.0558532
22.7117	-0.108319	-0.0563185	0.0590215
22.7654	-0.111187	-0.0502863	0.0617787
22.8169	-0.113609	-0.0436753	0.0641302
22.8664	-0.115599	-0.0366521	0.0660783
22.914	-0.117173	-0.0293784	0.0676291
22.9597	-0.11835	-0.0220105	0.0687947
23.0036	-0.119155	-0.0147002	0.0695951
23.0453	-0.11962	-0.00759767	0.070059
23.0845	-0.119786	-0.000858821	0.0702246
23.1156	-0.119729	0.00448335	0.0701682
23.147	-0.119504	0.00982856	0.0699435
23.1807	-0.119078	0.015474	0.069518
23.2177	-0.118393	0.0215347	0.0688343
23.2575	-0.11741	0.02782	0.0678565
23.2997	-0.1161	0.0341674	0.0665574
23.3442	-0.114438	0.0404245	0.0649182
23.3909	-0.112408	0.0464426	0.0629278
23.4398	-0.109997	0.0520745	0.060583
23.491	-0.107197	0.0571741	0.0578873
23.5447	-0.104002	0.0615962	0.0548499
23.6013	-0.100406	0.0651958	0.0514828
23.6616	-0.0963933	0.0678246	0.047794
23.7268	-0.0919161	0.0693173	0.0437713
23.8001	-0.0868168	0.069437	0.0393196
23.8758	-0.0816097	0.068047	0.0349318
23.9531	-0.0764429	0.0653477	0.0307544
24.0252	-0.0718464	0.0620005	0.0272045
24.0926	-0.0677899	0.0584585	0.0242179
24.1577	-0.0640987	0.054922	0.0216336
24.222	-0.0606773	0.0515722	0.0193648
24.2865	-0.0574491	0.0485811	0.0173476
24.3525	-0.0543274	0.0461192	0.0155221
24.4221	-0.0511813	0.0443797	0.0138177
24.4963	-0.0479237	0.0436773	0.0122054
24.5677	-0.0447946	0.0442341	0.0108088
24.6371	-0.0416691	0.0459753	0.00956356
24.6997	-0.0387181	0.0485329	0.00852235
24.7587	-0.0357618	0.0517475	0.00760488
24.816	-0.0326909	0.0555294	0.00677789
24.8725	-0.0294369	0.0597924	0.00603327
24.9287	-0.0259476	0.0644458	0.00537551
24.985	-0.022179	0.0693897	0.00481771
25.0418	-0.0180924	0.0745125	0.00437995
25.0994	-0.0136528	0.0796896	0.00408855
25.158	-0.00882718	0.084782	0.00397579
25.2182	-0.00358279	0.0896351	0.00408012
25.2707	0.00122997	0.0934431	0.00437322
25.318	0.00572139	0.0964326	0.00481002
25.3654	0.0103563	0.0989442	0.00542052
25.4166	0.0154766	0.101041	0.00627834
25.471	0.0210208	0.102509	0.00741915
25.5281	0.0268932	0.103148	0.0088634
25.5875	0.0330156	0.102798	0.0106244
25.6492	0.0393162	0.101331	0.0127072
25.7132	0.0457245	0.0986458	0.0151083
25.7798	0.0521697	0.0946695	0.0178143
25.8442	0.0581161	0.0897872	0.0205758
25.9058	0.0634755	0.0843025	0.0232896
25.9651	0.0683056	0.0783905	0.0259253
26.0227	0.0726463	0.0722045	0.028455
26.0789	0.076528	0.0658849	0.0308534
26.1339	0.0799778	0.0595585	0.0330995
26.1879	0.0830226	0.0533388	0.0351776
26.2409	0.0856899	0.0473247	0.0370773
26.2931	0.0880083	0.0416007	0.0387936
26.3445	0.0900076	0.0362362	0.0403265
26.3952	0.0917183	0.031286	0.0416805
26.4453	0.0931712	0.0267901	0.0428643
26.4948	0.0943969	0.022775	0.0438897
26.5439	0.0954257	0.0192539	0.0447712
26.5925	0.0962866	0.0162283	0.0455251
26.6408	0.0970077	0.0136889	0.0461689
26.689	0.0976151	0.0116172	0.046721
26.7371	0.0981333	0.00998749	0.0471997
26.7854	0.098585	0.00876806	0.047623
26.8343	0.0989914	0.00792332	0.0480088
26.8841	0.0993722	0.00741495	0.0483743
26.9355	0.099746	0.00720215	0.0487369
26.9889	0.100131	0.00723897	0.0491135
27.045	0.100542	0.007466	0.0495191
27.1039	0.100992	0.00779756	0.0499647
27.164	0.10147	0.00810578	0.050441
27.2224	0.101949	0.0082528	0.0509186
27.2773	0.102401	0.00815122	0.0513694
27.3285	0.10281	0.00776966	0.0517766
27.3768	0.10317	0.00709893	0.0521347
27.4226	0.103474	0.00614314	0.0524362
27.4661	0.103716	0.00491932	0.0526744
27.5073	0.10389	0.00345663	0.0528447
27.5462	0.103993	0.00179738	0.0529451
27.5824	0.104026	6.58977e-07	0.0529773
27.6104	0.104005	-0.0015491	0.0529569
27.6387	0.103937	-0.00326414	0.0528921
27.6702	0.103802	-0.0053441	0.0527637
27.7046	0.103576	-0.00781396	0.0525509
27.7413	0.103238	-0.0106684	0.0522347
27.78	0.102763	-0.0139029	0.0517966
27.8203	0.10213	-0.0175093	0.0512189
27.8622	0.101315	-0.0214733	0.0504848
27.9055	0.100293	-0.0257726	0.0495788
27.9501	0.0990418	-0.0303766	0.0484876
27.9959	0.0975369	-0.0352456	0.0472001
28.0431	0.0957562	-0.0403308	0.0457083
28.0914	0.0936782	-0.0455738	0.0440075
28.1411	0.091283	-0.0509075	0.0420971
28.192	0.0885524	-0.0562562	0.0399807
28.2444	0.0854699	-0.0615368	0.0376666
28.2981	0.082021	-0.066659	0.0351677
28.3535	0.0781929	-0.0715271	0.0325021
28.4107	0.0739734	-0.0760408	0.029692
28.4698	0.0693497	-0.0800962	0.0267643
28.5314	0.0643051	-0.0835863	0.0237486
28.596	0.0588124	-0.0864001	0.0206762
28.6645	0.0528185	-0.0884184	0.0175757
28.7388	0.0462014	-0.0894976	0.0144624
28.8128	0.0395782	-0.089488	0.0116786
28.8862	0.0330355	-0.0885151	0.00926455
28.9597	0.0265923	-0.0867247	0.00722542
29.0339	0.0202452	-0.0842629	0.0055584
29.1076	0.0141389	-0.0813608	0.00428933
29.1785	0.00847725	-0.0783285	0.0034198
29.2478	0.00315273	-0.0753082	0.00288437
29.3164	-0.00191439	-0.072419	0.00264021
29.3755	-0.00612039	-0.0701174	0.00264177
29.435	-0.0102346	-0.0680463	0.0028284
29.4966	-0.0143642	-0.066236	0.00320461
29.5604	-0.0185407	-0.064762	0.00378142
29.6262	-0.0227691	-0.0637008	0.00456911
29.6943	-0.0270819	-0.0631009	0.00558445
29.7649	-0.0315325	-0.0629846	0.00685519
29.8388	-0.0361958	-0.0633475	0.0084254
29.917	-0.0411785	-0.0641535	0.0103654
30.0016	-0.0466513	-0.0653277	0.012796
30.0916	-0.0525899	-0.0666582	0.0157704
30.1832	-0.0587523	-0.0677824	0.0192064
30.2776	-0.0651853	-0.0683534	0.0231494
30.3588	-0.0707327	-0.0681207	0.0268253
30.4317	-0.0756685	-0.0671907	0.0302999
30.505	-0.0805317	-0.0654701	0.0339042
30.5729	-0.0849042	-0.063116	0.0372933
30.6369	-0.0888559	-0.060211	0.0404746
30.698	-0.0924346	-0.0568229	0.043451
30.7568	-0.0956643	-0.0530204	0.0462145
30.8136	-0.098559	-0.0488742	0.0487539
30.8686	-0.101129	-0.0444557	0.051058
30.922	-0.103383	-0.0398364	0.0531179
30.974	-0.10533	-0.0350865	0.0549281
31.0245	-0.106982	-0.0302741	0.0564863
31.0737	-0.108352	-0.025464	0.0577943
31.1214	-0.109453	-0.0207171	0.058858
31.1676	-0.110304	-0.0160905	0.0596868
31.2122	-0.110922	-0.0116371	0.0602941
31.255	-0.11133	-0.00740679	0.0606971
31.2959	-0.111551	-0.00344867	0.0609169
31.3343	-0.111614	0.000183602	0.060979
31.3646	-0.111566	0.00298086	0.0609309
31.3951	-0.111432	0.00572596	0.0607975
31.4292	-0.111187	0.00868377	0.0605515
31.4664	-0.110805	0.0117876	0.0601691
31.5063	-0.110272	0.0149484	0.0596344
31.5485	-0.109573	0.0180967	0.0589358
31.5929	-0.108702	0.0211744	0.0580657
31.6392	-0.10765	0.0241318	0.0570204
31.6875	-0.106416	0.0269268	0.0557997
31.7377	-0.104998	0.0295252	0.0544064
31.7898	-0.103396	0.0319011	0.0528468
31.8438	-0.101614	0.0340382	0.0511299
31.8998	-0.0996547	0.0359317	0.0492675
31.9577	-0.0975251	0.0375891	0.0472741
32.0175	-0.0952324	0.0390323	0.0451673
32.0791	-0.0927866	0.0402986	0.0429675
32.1424	-0.090201	0.0414403	0.0406991
32.2069	-0.0874925	0.0425226	0.0383894
32.2722	-0.0846808	0.0436178	0.0360674
32.3377	-0.0817852	0.0447975	0.0337603
32.4029	-0.0788201	0.0461243	0.0314897
32.4676	-0.0757913	0.0476461	0.0292687
32.5314	-0.072695	0.0493947	0.0271029
32.5945	-0.0695193	0.0513867	0.0249922
32.6568	-0.066247	0.0536255	0.0229344
32.7186	-0.0628572	0.0561032	0.0209274
32.7801	-0.0593278	0.0588017	0.0189707
32.8414	-0.055636	0.061694	0.0170665
32.9027	-0.0517593	0.0647444	0.0152202
32.9643	-0.0476753	0.067909	0.0134411
33.0263	-0.0433625	0.0711357	0.0117422
33.089	-0.0387993	0.0743647	0.0101405
33.1527	-0.0339641	0.0775286	0.00865726
33.2176	-0.0288339	0.0805524	0.00731788
33.2841	-0.0233819	0.0833529	0.00615263
33.3527	-0.0175736	0.0858384	0.00519735
33.4242	-0.0113565	0.0879052	0.00449561
33.4944	-0.00513137	0.0893428	0.00412009
33.5526	8.59155e-05	0.0900529	0.00405479
33.6022	0.00456296	0.0902991	0.00417898
33.6524	0.00909207	0.0902052	0.00447355
33.7082	0.0141165	0.0896964	0.00499916
33.7694	0.0195774	0.0886603	0.00580831
33.8353	0.0253706	0.0870116	0.0069393
33.9058	0.0314267	0.0846865	0.00842493
33.9767	0.037332	0.0818333	0.0101766
34.0449	0.0428042	0.0786824	0.0120719
34.111	0.0478938	0.0753273	0.0140746
34.1755	0.0526412	0.0718448	0.0161561
34.2388	0.0570761	0.0683035	0.018291
34.3011	0.0612221	0.0647635	0.0204573
34.3626	0.0651004	0.0612766	0.0226366
34.4235	0.0687304	0.057886	0.0248132
34.484	0.0721306	0.0546263	0.0269748
34.5441	0.0753188	0.0515233	0.0291115
34.6039	0.0783118	0.0485942	0.0312158
34.6635	0.0811254	0.0458476	0.0332818
34.7229	0.0837738	0.0432838	0.0353051
34.7823	0.0862697	0.0408951	0.0372816
34.8414	0.0886234	0.0386663	0.0392075
34.9005	0.0908432	0.0365757	0.0410783
34.9592	0.0929343	0.0345959	0.0428882
35.0177	0.0948995	0.0326954	0.0446304
35.0756	0.0967395	0.0308405	0.0462966
35.1328	0.0984526	0.0289971	0.0478774
35.1893	0.100037	0.0271335	0.049363
35.2447	0.101488	0.0252216	0.0507439
35.299	0.102804	0.0232391	0.0520112
35.352	0.103983	0.0211699	0.0531573
35.4037	0.105022	0.0190049	0.0541762
35.454	0.105921	0.0167418	0.0550635
35.5028	0.106681	0.0143852	0.0558168
35.55	0.107303	0.0119459	0.0564356
35.5955	0.10779	0.00944098	0.0569214
35.6392	0.108148	0.00689389	0.0572782
35.6809	0.108383	0.0043349	0.0575123
35.7204	0.108504	0.00180328	0.0576334
35.7572	0.108526	-0.000647293	0.0576548
35.7904	0.108466	-0.00293221	0.0575961
35.821	0.108343	-0.0050993	0.0574744
35.8552	0.108127	-0.00757257	0.0572612
35.892	0.107798	-0.0103038	0.056938
35.9311	0.107338	-0.013261	0.0564887
35.9721	0.10673	-0.0164182	0.0558988
36.0148	0.105957	-0.0197507	0.0551559
36.059	0.105006	-0.0232332	0.0542493
36.1048	0.103862	-0.0268386	0.0531704
36.1518	0.102511	-0.0305378	0.0519129
36.2002	0.100941	-0.0342991	0.0504728
36.25	0.0991421	-0.0380885	0.0488488
36.3009	0.0971029	-0.04187	0.0470422
36.3532	0.094815	-0.0456057	0.0450574
36.4069	0.092271	-0.0492569	0.0429019
36.4618	0.0894645	-0.0527844	0.0405861
36.5183	0.0863902	-0.0561492	0.0381236
36.5762	0.0830436	-0.0593137	0.0355312
36.6358	0.079421	-0.0622429	0.0328285
36.6971	0.0755186	-0.0649049	0.030038
36.7605	0.0713321	-0.0672726	0.0271848
36.826	0.0668558	-0.0693245	0.0242963
36.894	0.0620811	-0.0710466	0.0214027
36.9648	0.0569947	-0.0724337	0.0185362
37.0391	0.0515761	-0.0734909	0.015732
37.1173	0.0457941	-0.0742358	0.0130295
37.2004	0.0396024	-0.0747014	0.0104741
37.2895	0.0329363	-0.0749391	0.00812296
37.3858	0.0257166	-0.0750237	0.00605469
37.4901	0.0178877	-0.0750559	0.00438451
37.6014	0.00952883	-0.0751502	0.00326868
37.6952	0.00247172	-0.0753314	0.00286735
37.7796	-0.00389625	-0.0755762	0.00293027
37.8641	-0.0102963	-0.0758706	0.00339763
37.9551	-0.0172148	-0.0761827	0.00435398
38.0768	-0.0264994	-0.0764362	0.00636191
38.1761	-0.0340881	-0.076338	0.008607
38.264	-0.0407811	-0.075891	0.0110278
38.353	-0.0474988	-0.0749859	0.0138644
38.4343	-0.0535469	-0.0736836	0.0167609
38.51	-0.0590677	-0.072012	0.0196839
38.5818	-0.064165	-0.0699925	0.0226166
38.6505	-0.0688941	-0.0676498	0.0255364
38.7167	-0.0732869	-0.0650129	0.0284193
38.7808	-0.0773635	-0.062114	0.0312415
38.8431	-0.0811377	-0.0589878	0.0339804
38.9038	-0.0846199	-0.0556704	0.0366152
38.9631	-0.0878188	-0.0521988	0.0391276
39.0211	-0.0907425	-0.0486098	0.0415013
39.0779	-0.0933988	-0.0449393	0.0437231
39.1335	-0.095796	-0.0412222	0.045782
39.188	-0.0979429	-0.0374911	0.04767
39.2415	-0.0998486	-0.0337765	0.0493816
39.2939	-0.101523	-0.0301061	0.050914
39.3453	-0.102978	-0.026505	0.0522668
39.3956	-0.104223	-0.0229951	0.0534418
39.4448	-0.10527	-0.0195955	0.0544429
39.4929	-0.106133	-0.0163226	0.0552761
39.5397	-0.106824	-0.0131901	0.0559492
39.5852	-0.107355	-0.01021	0.0564714
39.6292	-0.107742	-0.00739292	0.0568536
39.6715	-0.107999	-0.00474955	0.0571082
39.7118	-0.108141	-0.00229234	0.0572494
39.7497	-0.108185	-3.95384e-05	0.0572934
39.7791	-0.108161	0.00167038	0.0572693
39.8089	-0.108086	0.00336685	0.0571942
39.8418	-0.107944	0.00520368	0.0570528
39.8778	-0.107721	0.0071674	0.0568297
39.9164	-0.107405	0.00921665	0.0565141
39.9571	-0.106987	0.011325	0.0560973
39.9996	-0.106459	0.0134749	0.0555729
40.0439	-0.105815	0.015655	0.0549356
40.0896	-0.105048	0.0178587	0.0541819
40.1367	-0.104154	0.0200834	0.0533094
40.1851	-0.103128	0.0223296	0.0523168
40.2346	-0.101966	0.0246001	0.0512041
40.2852	-0.100663	0.0269002	0.049972
40.3368	-0.0992158	0.029236	0.0486223
40.3893	-0.0976195	0.0316146	0.0471576
40.4426	-0.09587	0.034043	0.0455811
40.4966	-0.0939624	0.0365275	0.0438971
40.5514	-0.0918915	0.0390733	0.0421101
40.6069	-0.0896518	0.0416835	0.0402259
40.663	-0.0872372	0.0443588	0.0382508
40.7198	-0.0846411	0.0470969	0.0361923
40.7772	-0.0818565	0.0498925	0.0340587
40.8353	-0.0788759	0.0527365	0.0318597
40.8941	-0.0756917	0.0556164	0.0296064
40.9536	-0.0722958	0.0585157	0.0273117
41.0139	-0.0686801	0.061414	0.0249898
41.075	-0.064836	0.0642874	0.0226574
41.1371	-0.0607548	0.0671083	0.0203328
41.2003	-0.0564274	0.0698457	0.0180369
41.2647	-0.0518438	0.0724655	0.0157928
41.3305	-0.0469927	0.0749305	0.013626
41.398	-0.04186	0.0772012	0.0115648
41.4674	-0.0364272	0.0792351	0.00964039
41.5393	-0.0306673	0.0809867	0.00788745
41.6143	-0.0245371	0.0824064	0.00634541
41.6936	-0.0179586	0.0834366	0.0050611
41.7734	-0.0112776	0.0839794	0.00414947
41.8497	-0.00485754	0.0840429	0.00364722
41.9219	0.00119828	0.0837096	0.00351068
41.9884	0.00674753	0.0830848	0.00367463
42.0501	0.0118458	0.0822547	0.00407049
42.1208	0.0176163	0.0810349	0.00480393
42.1995	0.0239311	0.0793803	0.00595671
42.2761	0.0299483	0.0775153	0.00739878
42.3503	0.0356252	0.0755177	0.00906965
42.4226	0.0410103	0.0734258	0.0109355
42.4935	0.0461358	0.0712688	0.0129675
42.5631	0.0510234	0.0690695	0.0151391
42.6317	0.0556879	0.066844	0.0174257
42.6995	0.06014	0.0646029	0.0198039
42.7664	0.0643873	0.0623514	0.0222509
42.8325	0.0684347	0.0600899	0.0247447
42.8978	0.0722854	0.0578151	0.0272635
42.9623	0.0759408	0.0555208	0.0297861
43.026	0.0794015	0.0531988	0.0322914
43.0887	0.0826672	0.0508397	0.0347592
43.1506	0.085737	0.0484342	0.03717
43.2114	0.0886104	0.0459738	0.0395054
43.2713	0.0912865	0.0434515	0.0417484
43.3301	0.0937651	0.0408623	0.0438836
43.3877	0.0960463	0.0382038	0.045897
43.4443	0.098131	0.0354761	0.0477769
43.4997	0.10002	0.0326822	0.0495132
43.554	0.101717	0.0298276	0.051098
43.6071	0.103223	0.0269206	0.0525252
43.6589	0.104542	0.0239718	0.053791
43.7095	0.10568	0.0209941	0.0548935
43.7587	0.10664	0.0180024	0.0558327
43.8066	0.107431	0.0150136	0.056611
43.853	0.108059	0.0120467	0.0572328
43.8978	0.108533	0.00912272	0.0577046
43.9409	0.108865	0.00626555	0.0580351
43.982	0.109066	0.00350334	0.0582356
44.0207	0.109151	0.000871611	0.0583204
44.0522	0.109144	-0.00128322	0.0583139
44.0839	0.109069	-0.00345761	0.058239
44.1158	0.108924	-0.00565538	0.0580941
44.151	0.108682	-0.00808354	0.0578533
44.1888	0.108327	-0.0106902	0.057501
44.2289	0.107844	-0.0134396	0.0570235
44.2708	0.10722	-0.0163033	0.0564099
44.3145	0.106443	-0.0192567	0.0556509
44.3597	0.105504	-0.0222774	0.0547395
44.4065	0.104391	-0.0253442	0.0536703
44.4546	0.103097	-0.0284367	0.0524404
44.504	0.101614	-0.0315352	0.0510487
44.5547	0.0999364	-0.0346206	0.0494962
44.6067	0.0980571	-0.0376747	0.0477864
44.6599	0.0959719	-0.0406803	0.0459248
44.7143	0.0936767	-0.0436215	0.043919
44.77	0.0911682	-0.0464837	0.0417792
44.8269	0.0884439	-0.0492544	0.0395174
44.885	0.0855022	-0.0519229	0.0371482
44.9444	0.0823417	-0.0544808	0.0346881
45.0051	0.0789618	-0.0569224	0.0321555
45.067	0.0753624	-0.0592442	0.0295712
45.1303	0.0715436	-0.0614453	0.0269576
45.1949	0.0675061	-0.0635273	0.024339
45.2609	0.0632506	-0.0654935	0.0217413
45.3282	0.058778	-0.0673491	0.0191918
45.3969	0.054089	-0.0691	0.0167195
45.467	0.0491841	-0.0707519	0.014354
45.5386	0.0440626	-0.0723099	0.0121262
45.6117	0.0387225	-0.0737766	0.0100678
45.6864	0.0331589	-0.0751512	0.00821098
45.7629	0.0273628	-0.0764285	0.00658917
45.8414	0.0213179	-0.0775969	0.00523737
45.9223	0.0149962	-0.0786369	0.0041938
46.0063	0.00834776	-0.0795188	0.00350307
46.0949	0.00127667	-0.0801976	0.00322381
46.1658	-0.00442752	-0.0805312	0.00333869
46.2377	-0.0102252	-0.080655	0.00376493
46.3118	-0.0161929	-0.0805346	0.00452771
46.3915	-0.022601	-0.0800984	0.00571071
46.4755	-0.0292972	-0.0792699	0.00734737
46.5607	-0.0359969	-0.0780219	0.00939234
46.6402	-0.0421432	-0.0764727	0.0116254
46.7156	-0.0478422	-0.0746584	0.0140003
46.7879	-0.0531692	-0.0726047	0.0164846
46.8578	-0.0581659	-0.0703366	0.019047
46.9257	-0.0628582	-0.0678788	0.0216581
46.9918	-0.0672633	-0.0652556	0.0242901
47.0565	-0.0713936	-0.0624911	0.0269175
47.1198	-0.0752589	-0.0596087	0.0295166
47.1819	-0.0788674	-0.0566309	0.0320661
47.2428	-0.0822263	-0.053579	0.0345464
47.3027	-0.0853423	-0.0504731	0.0369404
47.3616	-0.0882222	-0.0473317	0.0392329
47.4195	-0.0908722	-0.0441717	0.0414108
47.4765	-0.0932992	-0.0410085	0.0434631
47.5325	-0.0955097	-0.0378556	0.0453809
47.5877	-0.0975107	-0.034725	0.0471569
47.6419	-0.0993092	-0.0316273	0.0487858
47.6951	-0.100913	-0.0285713	0.0502642
47.7474	-0.102328	-0.025565	0.0515901
47.7987	-0.103564	-0.0226151	0.0527633
47.849	-0.104627	-0.0197276	0.0537851
47.8981	-0.105527	-0.0169082	0.0546581
47.946	-0.106271	-0.0141624	0.0553864
47.9926	-0.106869	-0.011496	0.0559756
48.0378	-0.10733	-0.0089158	0.0564324
48.0814	-0.107665	-0.0064302	0.0567652
48.1232	-0.107884	-0.00405049	0.0569837
48.1629	-0.108	-0.00179286	0.0570996
48.2001	-0.108027	0.00031717	0.0571271
48.2302	-0.107992	0.00202805	0.0570917
48.2604	-0.107905	0.00374099	0.0570047
48.2939	-0.107748	0.00563975	0.056848
48.3302	-0.107506	0.00770085	0.0566066
48.3689	-0.107165	0.00989466	0.0562686
48.4096	-0.106716	0.0122018	0.0558241
48.452	-0.106147	0.0146086	0.0552645
48.496	-0.10545	0.0171044	0.0545825
48.5414	-0.104615	0.0196808	0.0537721
48.5881	-0.103634	0.0223304	0.0528286
48.636	-0.102499	0.0250464	0.0517485
48.685	-0.101203	0.0278221	0.0505298
48.7352	-0.0997367	0.0306506	0.0491716
48.7863	-0.0980945	0.0335244	0.0476745
48.8385	-0.0962692	0.0364355	0.0460407
48.8917	-0.0942542	0.0393747	0.0442739
48.9458	-0.0920432	0.0423321	0.0423793
49.0009	-0.0896302	0.0452963	0.040364
49.0569	-0.0870094	0.048255	0.038237
49.1139	-0.0841752	0.0511945	0.0360087
49.1719	-0.0811226	0.0541001	0.033692
49.2308	-0.0778464	0.0569557	0.0313013
49.2909	-0.0743419	0.0597443	0.0288531
49.3521	-0.0706044	0.0624481	0.0263662
49.4144	-0.0666293	0.0650486	0.023861
49.478	-0.0624116	0.0675264	0.0213602
49.543	-0.0579458	0.0698621	0.0188886
49.6095	-0.0532256	0.072036	0.0164728
49.6777	-0.0482427	0.0740282	0.0141419
49.7479	-0.0429859	0.0758189	0.011927
49.8203	-0.0374393	0.0773884	0.00986203
49.8953	-0.0315785	0.0787162	0.00798399
49.9737	-0.0253638	0.0797805	0.00633457
50.0565	-0.0187255	0.0805556	0.00496271
50.144	-0.0116547	0.0810008	0.00394614
50.229	-0.00475909	0.0810842	0.00339831
50.3102	0.00181354	0.0808624	0.00328548
50.3853	0.00787204	0.0804115	0.00353665
50.4567	0.0135946	0.0797775	0.00408779
50.5382	0.0200554	0.0788252	0.00507751
50.623	0.0266925	0.0775886	0.00650099
50.704	0.0329204	0.0761868	0.00821212
50.7819	0.0387957	0.0746416	0.0101598
50.8574	0.0443653	0.0729639	0.0123048
50.9308	0.0496562	0.0711611	0.0146116
51.0024	0.0546847	0.0692384	0.0170464
51.0724	0.0594612	0.0671994	0.0195774
51.1409	0.0639924	0.0650472	0.0221744
51.208	0.0682831	0.0627844	0.0248087
51.2738	0.0723366	0.060414	0.0274534
51.3383	0.0761557	0.0579394	0.0300832
51.4016	0.0797426	0.0553652	0.0326747
51.4637	0.0830997	0.0526967	0.0352062
51.5247	0.0862291	0.0499402	0.0376581
51.5845	0.0891332	0.0471033	0.0400128
51.6433	0.0918149	0.0441947	0.0422545
51.7009	0.0942772	0.041224	0.0443696
51.7575	0.0965237	0.0382016	0.0463467
51.813	0.0985583	0.0351389	0.0481762
51.8673	0.100386	0.0320479	0.0498508
51.9206	0.102011	0.0289412	0.0513652
51.9728	0.10344	0.0258317	0.0527159
52.0238	0.104679	0.0227329	0.0539018
52.0736	0.105735	0.0196585	0.0549234
52.1222	0.106616	0.0166229	0.0557834
52.1694	0.107331	0.0136405	0.0564861
52.2152	0.107888	0.0107269	0.0570378
52.2594	0.1083	0.00789889	0.0574469
52.3019	0.108578	0.00517534	0.0577234
52.3423	0.108735	0.00257924	0.0578799
52.3802	0.108786	0.000141527	0.0579315
52.4099	0.108762	-0.0017591	0.0579075
52.4399	0.108681	-0.00367616	0.0578261
52.4726	0.108526	-0.00576287	0.0576718
52.5085	0.108279	-0.00803682	0.0574252
52.5468	0.107924	-0.0104543	0.0570726
52.5873	0.10745	-0.0129853	0.0566025
52.6296	0.106844	-0.0156067	0.0560056
52.6736	0.106098	-0.0182997	0.0552741
52.7192	0.105202	-0.0210481	0.0544022
52.7661	0.104148	-0.0238376	0.0533856
52.8144	0.102929	-0.0266554	0.0522219
52.8639	0.101538	-0.0294896	0.0509103
52.9147	0.0999692	-0.0323295	0.0494517
52.9666	0.0982173	-0.0351652	0.0478489
53.0196	0.0962776	-0.0379876	0.0461064
53.0737	0.0941456	-0.0407884	0.0442304
53.1289	0.0918177	-0.0435599	0.0422291
53.1852	0.0892905	-0.0462953	0.0401123
53.2424	0.0865609	-0.048988	0.0378917
53.3008	0.0836264	-0.0516322	0.0355805
53.3601	0.0804844	-0.0542221	0.0331938
53.4205	0.0771329	-0.0567525	0.0307484
53.482	0.0735696	-0.0592177	0.0282626
53.5445	0.0697925	-0.0616123	0.0257562
53.6081	0.0657993	-0.0639299	0.0232506
53.6728	0.0615875	-0.0661639	0.0207688
53.7387	0.0571542	-0.0683064	0.0183349
53.8059	0.0524954	-0.0703484	0.0159746
53.8745	0.0476062	-0.0722794	0.0137152
53.9445	0.0424796	-0.0740868	0.0115852
54.0162	0.0371058	-0.0757558	0.00961521
54.0899	0.0314703	-0.0772689	0.0078377
54.1658	0.0255512	-0.0786047	0.00628821
54.2446	0.0193133	-0.0797371	0.00500666
54.3271	0.0126956	-0.0806322	0.00404054
54.414	0.00565352	-0.0812383	0.00345645
54.496	-0.00101896	-0.0814798	0.00332456
54.5625	-0.00643185	-0.0814338	0.00351844
54.629	-0.0118429	-0.0811671	0.00398129
54.7028	-0.0178161	-0.0806102	0.00480428
54.7831	-0.0242552	-0.0796921	0.00605802
54.8674	-0.0309176	-0.078382	0.00775538
54.947	-0.0370954	-0.0768248	0.009693
55.0229	-0.0428656	-0.0750571	0.011819
55.0962	-0.0482919	-0.0731029	0.0140971
55.1672	-0.0534111	-0.0709828	0.0164944
55.2364	-0.0582461	-0.0687163	0.01898
55.304	-0.0628121	-0.0663208	0.0215251
55.3702	-0.0671203	-0.0638128	0.0241029
55.4351	-0.0711791	-0.0612072	0.0266883
55.4989	-0.0749951	-0.0585179	0.0292582
55.5615	-0.0785742	-0.0557577	0.031791
55.6231	-0.0819213	-0.0529383	0.0342672
55.6836	-0.0850413	-0.0500704	0.0366691
55.7432	-0.0879386	-0.0471638	0.0389805
55.8019	-0.0906178	-0.0442278	0.0411873
55.8595	-0.0930835	-0.0412707	0.0432772
55.9162	-0.0953402	-0.0383004	0.0452395
55.972	-0.0973929	-0.0353244	0.0470655
56.0268	-0.0992467	-0.0323498	0.0487482
56.0806	-0.100907	-0.0293836	0.0502822
56.1333	-0.102379	-0.0264328	0.051664
56.185	-0.10367	-0.0235045	0.0528918
56.2356	-0.104786	-0.020606	0.0539654
56.285	-0.105733	-0.0177452	0.0548861
56.3331	-0.10652	-0.0149306	0.0556571
56.38	-0.107155	-0.0121716	0.0562828
56.4253	-0.107646	-0.00947919	0.0567697
56.4691	-0.108004	-0.00686613	0.0571256
56.511	-0.108239	-0.00434842	0.0573602
56.5509	-0.108364	-0.00194716	0.0574855
56.5882	-0.108395	0.000306883	0.0575161
56.6183	-0.108358	0.00213195	0.0574794
56.6485	-0.108266	0.00396461	0.0573875
56.6819	-0.108099	0.00599978	0.0572212
56.7183	-0.107841	0.00821221	0.0569639
56.7571	-0.107477	0.0105681	0.056603
56.7978	-0.106996	0.0130441	0.0561275
56.8403	-0.106387	0.0156225	0.0555284
56.8845	-0.105638	0.0182885	0.0547979
56.93	-0.104743	0.0210292	0.0539299
56.9769	-0.10369	0.0238328	0.0529198
57.0251	-0.102473	0.0266881	0.0517645
57.0745	-0.101083	0.0295839	0.0504625
57.125	-0.0995146	0.0325095	0.0490139
57.1767	-0.0977599	0.0354537	0.0474205
57.2294	-0.0958132	0.0384054	0.0456859
57.2831	-0.0936688	0.0413531	0.0438155
57.3379	-0.0913217	0.0442852	0.0418165
57.3938	-0.088767	0.0471898	0.039698
57.4507	-0.0860005	0.0500547	0.0374712
57.5086	-0.0830181	0.0528678	0.035149
57.5676	-0.0798163	0.0556166	0.0327462
57.6277	-0.0763918	0.058289	0.0302798
57.689	-0.0727413	0.0608724	0.0277687
57.7514	-0.0688618	0.0633546	0.0252333
57.8151	-0.0647503	0.0657237	0.0226963
57.8802	-0.0604031	0.0679675	0.0201822
57.9466	-0.0558164	0.0700743	0.0177171
58.0146	-0.050985	0.0720326	0.015329
58.0843	-0.0459022	0.0738306	0.013048
58.1558	-0.0405584	0.0754565	0.0109062
58.2296	-0.0349396	0.0768977	0.00893783
58.3059	-0.0290246	0.0781403	0.00718055
58.3852	-0.0227789	0.079168	0.00567617
58.4686	-0.0161432	0.0799596	0.00447369
58.5576	-0.00900269	0.0804835	0.00363593
58.6443	-0.00201166	0.0806797	0.00327443
58.7165	0.00380719	0.080609	0.00331993
58.7888	0.00962807	0.0803266	0.00368041
58.8633	0.0155999	0.0798147	0.00437762
58.946	0.0221645	0.078986	0.00552648
59.0324	0.0289442	0.0778252	0.00713316
59.1141	0.0352464	0.0764516	0.00900911
59.1921	0.0411457	0.0748891	0.0110986
59.2671	0.0467039	0.0731512	0.0133617
59.3399	0.0519562	0.0712494	0.0157625
59.4106	0.0569244	0.0691943	0.0182675
59.4796	0.0616228	0.0669963	0.0208455
59.547	0.0660613	0.0646653	0.0234671
59.6129	0.0702472	0.0622116	0.0261051
59.6776	0.0741863	0.0596455	0.0287341
59.741	0.0778834	0.0569775	0.0313308
59.8032	0.0813427	0.0542184	0.0338734
59.8643	0.084568	0.051379	0.0363425
59.9242	0.0875632	0.0484704	0.0387205
59.9832	0.0903322	0.045504	0.0409917
60.041	0.0928793	0.0424909	0.0431425
60.0979	0.0952088	0.0394426	0.0451614
60.1537	0.0973254	0.0363702	0.0470387
60.2085	0.0992344	0.033285	0.0487669
60.2623	0.100941	0.0301981	0.0503403
60.315	0.102452	0.0271207	0.0517551
60.3666	0.103773	0.0240637	0.0530095
60.4171	0.104912	0.0210382	0.0541035
60.4664	0.105876	0.0180553	0.0550389
60.5145	0.106673	0.0151262	0.0558191
60.5612	0.107313	0.0122629	0.0564493
60.6064	0.107804	0.00947815	0.0569366
60.65	0.108159	0.00678627	0.0572895
60.6918	0.108389	0.00420435	0.0575186
60.7315	0.108507	0.00175445	0.0576366
60.7686	0.10853	-0.000531442	0.0576593
60.8021	0.108477	-0.00259738	0.0576068
60.8328	0.108369	-0.00448534	0.0574981
60.8671	0.108179	-0.00658618	0.0573087
60.9042	0.107893	-0.00884736	0.057024
60.9435	0.107498	-0.0112361	0.0566319
60.9848	0.106982	-0.013729	0.0561222
61.0279	0.106336	-0.0163081	0.0554864
61.0725	0.105549	-0.0189584	0.0547177
61.1185	0.104613	-0.0216671	0.0538109
61.1659	0.103521	-0.024423	0.0527622
61.2146	0.102264	-0.0272157	0.0515694
61.2645	0.100836	-0.0300355	0.050232
61.3155	0.099232	-0.0328733	0.048751
61.3676	0.0974449	-0.0357204	0.0471292
61.4207	0.0954698	-0.0385682	0.0453708
61.4749	0.0933018	-0.0414084	0.043482
61.5302	0.0909366	-0.0442327	0.0414707
61.5864	0.0883698	-0.0470327	0.0393464
61.6436	0.0855978	-0.0498	0.0371203
61.7019	0.082617	-0.0525259	0.0348057
61.7612	0.079424	-0.0552016	0.0324174
61.8215	0.0760157	-0.0578178	0.0299719
61.8828	0.072389	-0.060365	0.0274876
61.9453	0.0685408	-0.0628328	0.0249844
62.0089	0.064468	-0.0652107	0.0224842
62.0737	0.0601668	-0.0674874	0.0200102
62.1398	0.0556332	-0.0696506	0.0175875
62.2073	0.050862	-0.0716875	0.0152428
62.2764	0.0458463	-0.0735839	0.0130047
62.3471	0.0405769	-0.0753246	0.0109036
62.4198	0.0350405	-0.0768927	0.00897201
62.4949	0.0292169	-0.0782689	0.0072455
62.5728	0.0230747	-0.079431	0.00576349
62.6543	0.0165601	-0.0803511	0.00457188
62.7409	0.00957161	-0.0809914	0.00372872
62.8256	0.00269635	-0.0812786	0.00333873
62.8962	-0.00304544	-0.081261	0.00334712
62.967	-0.00878707	-0.0810096	0.00365962
63.0376	-0.0144927	-0.080527	0.00427147
63.1162	-0.0207922	-0.0797212	0.005296
63.2014	-0.027534	-0.0785338	0.00679834
63.2828	-0.0338721	-0.0771002	0.00859355
63.3604	-0.0397946	-0.0754695	0.0106065
63.4351	-0.045369	-0.0736629	0.0127973
63.5076	-0.0506353	-0.0716974	0.0151308
63.5781	-0.0556179	-0.0695881	0.0175748
63.6469	-0.0603326	-0.0673488	0.0200987
63.7143	-0.0647906	-0.0649918	0.0226741
63.7803	-0.0689997	-0.0625285	0.0252744
63.8451	-0.0729664	-0.0599698	0.0278747
63.9086	-0.0766955	-0.0573257	0.0304518
63.9711	-0.0801916	-0.0546058	0.0329844
64.0325	-0.0834585	-0.0518194	0.0354529
64.0928	-0.0865001	-0.0489753	0.0378396
64.1521	-0.0893202	-0.0460822	0.0401284
64.2105	-0.0919225	-0.0431489	0.0423055
64.2678	-0.0943113	-0.0401837	0.0443587
64.3241	-0.0964907	-0.0371952	0.0462776
64.3794	-0.0984654	-0.0341918	0.0480538
64.4337	-0.10024	-0.0311823	0.0496809
64.487	-0.101821	-0.0281754	0.0511541
64.5391	-0.103214	-0.02518	0.0524705
64.5902	-0.104424	-0.0222055	0.0536291
64.6401	-0.105459	-0.0192614	0.0546304
64.6888	-0.106326	-0.0163581	0.0554769
64.7362	-0.107033	-0.0135064	0.0561726
64.7821	-0.10759	-0.0107183	0.0567232
64.8266	-0.108006	-0.0080072	0.0571364
64.8693	-0.108292	-0.00538916	0.0574214
64.91	-0.10846	-0.00288407	0.0575895
64.9483	-0.108526	-0.000519237	0.0576547
64.979	-0.108512	0.00137762	0.0576416
65.0099	-0.10844	0.00328838	0.0575695
65.0421	-0.108302	0.00527568	0.0574319
65.0775	-0.108077	0.00745839	0.0572075
65.1154	-0.10775	0.00979395	0.0568823
65.1555	-0.107308	0.0122542	0.0564449
65.1974	-0.106741	0.0148181	0.0558853
65.241	-0.106037	0.0174687	0.0551954
65.2861	-0.105187	0.0201917	0.0543689
65.3327	-0.104183	0.0229739	0.0534005
65.3805	-0.103016	0.0258035	0.0522871
65.4296	-0.101679	0.028669	0.0510269
65.4798	-0.100166	0.0315596	0.0496196
65.5312	-0.0984694	0.0344645	0.048067
65.5837	-0.096584	0.0373732	0.0463724
65.6372	-0.0945044	0.0402755	0.0445408
65.6919	-0.0922258	0.0431608	0.0425793
65.7475	-0.0897437	0.046019	0.0404966
65.8042	-0.0870541	0.0488399	0.0383034
65.862	-0.0841534	0.0516132	0.0360122
65.9207	-0.0810382	0.0543289	0.0336374
65.9806	-0.0777055	0.0569769	0.0311952
66.0416	-0.0741526	0.0595471	0.0287037
66.1037	-0.0703765	0.0620295	0.0261828
66.167	-0.0663745	0.0644141	0.023654
66.2315	-0.0621438	0.0666906	0.0211408
66.2974	-0.0576807	0.0688488	0.0186682
66.3646	-0.0529812	0.070878	0.016263
66.4334	-0.0480397	0.0727673	0.0139536
66.5039	-0.0428487	0.0745048	0.0117706
66.5763	-0.0373974	0.0760779	0.00974608
66.6508	-0.0316697	0.0774719	0.00791508
66.7281	-0.0256406	0.0786701	0.00631577
66.8085	-0.019269	0.0796513	0.00499145
66.8933	-0.0124811	0.0803874	0.00399437
66.9813	-0.00538999	0.080825	0.0034087
67.0647	0.0013573	0.0809317	0.003284
67.1408	0.00751526	0.0807655	0.00353828
67.2103	0.0131182	0.0803933	0.00407475
67.2884	0.01937	0.0797238	0.00501636
67.3732	0.0260883	0.0786955	0.00643123
67.4565	0.0325958	0.0773795	0.00819951
67.5357	0.0386588	0.0758527	0.010199
67.6115	0.0443499	0.074137	0.0123844
67.6848	0.0497173	0.0722481	0.0147193
67.756	0.0547898	0.0702003	0.0171698
67.8254	0.0595854	0.0680069	0.0197044
67.8932	0.0641166	0.0656805	0.0222937
67.9595	0.0683926	0.0632333	0.0249102
68.0245	0.07242	0.0606769	0.0275284
68.0883	0.0762044	0.058023	0.0301244
68.1508	0.0797506	0.0552827	0.0326764
68.2123	0.083063	0.0524671	0.0351643
68.2727	0.0861455	0.049587	0.0375701
68.3321	0.0890024	0.0466531	0.0398776
68.3904	0.0916377	0.0436759	0.0420726
68.4477	0.0940559	0.0406656	0.0441428
68.5041	0.0962616	0.0376324	0.0460779
68.5594	0.0982598	0.0345862	0.0478695
68.6137	0.100056	0.0315368	0.049511
68.667	0.101655	0.028494	0.0509977
68.7192	0.103064	0.0254675	0.052327
68.7703	0.104289	0.0224669	0.0534978
68.8203	0.105338	0.0195022	0.0545109
68.8691	0.106218	0.0165834	0.0553686
68.9165	0.106937	0.0137212	0.0560751
68.9626	0.107505	0.0109271	0.0566363
69.0072	0.107932	0.00821391	0.0570596
69.05	0.108228	0.00559652	0.0573544
69.0909	0.108405	0.00309362	0.0575318
69.1295	0.108479	0.000730605	0.0576055
69.1608	0.108472	-0.00118622	0.0575984
69.1922	0.108404	-0.00311151	0.0575308
69.2241	0.108274	-0.00506046	0.0574008
69.2593	0.108059	-0.00720531	0.0571859
69.297	0.107743	-0.00950208	0.0568723
69.3369	0.107316	-0.0119222	0.0564486
69.3787	0.106765	-0.0144446	0.0559049
69.4222	0.10608	-0.0170528	0.0552332
69.4672	0.105252	-0.0197328	0.0544269
69.5136	0.104273	-0.0224724	0.053481
69.5613	0.103134	-0.0252605	0.0523921
69.6103	0.101828	-0.0280866	0.0511583
69.6604	0.100348	-0.0309409	0.0497792
69.7116	0.0986887	-0.0338137	0.0482563
69.764	0.0968432	-0.0366955	0.0465925
69.8174	0.0948064	-0.0395769	0.0447927
69.8718	0.0925735	-0.0424486	0.0428632
69.9273	0.0901397	-0.045301	0.0408125
69.9838	0.0875009	-0.0481246	0.0386505
70.0413	0.0846533	-0.0509096	0.0363892
70.0998	0.0815931	-0.0536461	0.0340423
70.1594	0.0783171	-0.0563239	0.0316253
70.22	0.0748221	-0.0589327	0.0291556
70.2817	0.071105	-0.0614618	0.0266524
70.3446	0.0671628	-0.0639002	0.0241364
70.4087	0.062992	-0.0662366	0.0216304
70.4741	0.0585891	-0.0684594	0.0191587
70.5408	0.0539497	-0.0705563	0.0167474
70.609	0.0490679	-0.0725145	0.0144244
70.6789	0.0439364	-0.0743205	0.0122192
70.7506	0.0385444	-0.0759597	0.0101638
70.8245	0.0328763	-0.0774159	0.00829231
70.901	0.026908	-0.0786707	0.00664213
70.9806	0.0206003	-0.0797022	0.00525557
71.0645	0.0138838	-0.0804816	0.00418316
71.1522	0.00680145	-0.0809593	0.00350387
71.2358	2.56023e-05	-0.0810928	0.00328802
71.3016	-0.00531109	-0.0809776	0.0034169
71.3681	-0.0106894	-0.080665	0.00381331
71.4426	-0.0166756	-0.0800831	0.00456919
71.5245	-0.0232015	-0.0791624	0.00577094
71.6093	-0.0298596	-0.0779052	0.00740311
71.6896	-0.0360577	-0.0764329	0.00929106
71.7664	-0.0418667	-0.0747729	0.0113831
71.8405	-0.0473438	-0.0729424	0.0136413
71.9125	-0.0525219	-0.0709559	0.0160311
71.9826	-0.0574214	-0.0688266	0.0185205
72.051	-0.0620562	-0.0665667	0.0210793
72.118	-0.0664358	-0.0641874	0.0236793
72.1836	-0.0705674	-0.0616996	0.0262941
72.248	-0.0744567	-0.0591137	0.0288993
72.3112	-0.0781084	-0.0564396	0.031472
72.3733	-0.0815265	-0.0536873	0.0339914
72.4342	-0.0847151	-0.0508664	0.0364382
72.4942	-0.0876778	-0.0479864	0.0387955
72.5531	-0.0904186	-0.0450569	0.0410478
72.611	-0.0929413	-0.0420873	0.0431818
72.6678	-0.0952503	-0.039087	0.0451862
72.7237	-0.0973501	-0.0360655	0.0470512
72.7786	-0.0992456	-0.0330323	0.0487694
72.8324	-0.100942	-0.0299968	0.0503351
72.8852	-0.102445	-0.0269686	0.0517443
72.9368	-0.103761	-0.0239576	0.0529951
72.9874	-0.104897	-0.0209737	0.0540871
73.0367	-0.10586	-0.0180271	0.055022
73.0849	-0.106657	-0.0151287	0.055803
73.1316	-0.107298	-0.0122899	0.0564349
73.1769	-0.107792	-0.00952338	0.0569244
73.2206	-0.10815	-0.00684355	0.05728
73.2624	-0.108383	-0.0042677	0.0575119
73.3022	-0.108503	-0.0018182	0.0576327
73.3393	-0.108528	0.000472653	0.0576577
73.3729	-0.108478	0.002549	0.0576069
73.4035	-0.108371	0.00443529	0.0575002
73.4377	-0.108183	0.00654025	0.0573131
73.4746	-0.107899	0.00881091	0.0570308
73.5139	-0.107506	0.0112143	0.0566408
73.5551	-0.106992	0.0137271	0.0561329
73.5981	-0.106347	0.0163309	0.0554983
73.6426	-0.10556	0.0190105	0.0547299
73.6886	-0.104622	0.0217527	0.0538222
73.7359	-0.103527	0.0245454	0.0527713
73.7845	-0.102265	0.0273774	0.0515748
73.8343	-0.10083	0.0302381	0.050232
73.8852	-0.0992164	0.0331174	0.0487439
73.9373	-0.0974172	0.0360052	0.047113
73.9904	-0.0954274	0.0388918	0.0453438
74.0446	-0.093242	0.0417674	0.0434423
74.0998	-0.0908563	0.0446224	0.0414166
74.1561	-0.0882663	0.0474473	0.0392764
74.2134	-0.0854681	0.0502325	0.0370334
74.2717	-0.0824583	0.0529683	0.0347008
74.331	-0.0792336	0.055645	0.0322941
74.3915	-0.0757911	0.058253	0.0298302
74.453	-0.0721278	0.0607822	0.0273281
74.5157	-0.0682411	0.0632227	0.0248082
74.5796	-0.0641277	0.0655642	0.022293
74.6447	-0.0597846	0.067796	0.0198065
74.7111	-0.0552076	0.0699072	0.0173743
74.7791	-0.0503919	0.0718862	0.0150239
74.8486	-0.0453307	0.0737207	0.0127845
74.9198	-0.040015	0.0753974	0.0106872
74.9931	-0.0344312	0.0769015	0.00876533
75.0688	-0.0285589	0.0782162	0.00705511
75.1474	-0.0223656	0.0793211	0.00559689
75.2298	-0.0157955	0.0801907	0.00443778
75.3174	-0.00874211	0.0807886	0.00363788
75.4027	-0.00183888	0.0810442	0.00330065
75.4726	0.00383089	0.0810123	0.00335341
75.5429	0.00951453	0.0807608	0.00370473
75.6155	0.0153604	0.08027	0.00437773
75.6958	0.0217761	0.0794546	0.00548001
75.782	0.0285803	0.0782623	0.00706471
75.8634	0.0348938	0.0768399	0.00891772
75.941	0.0407921	0.0752197	0.0109814
76.0157	0.0463431	0.07342	0.013217
76.088	0.0515856	0.0714564	0.0155894
76.1584	0.056543	0.0693432	0.0180659
76.2271	0.0612307	0.0670933	0.0206161
76.2943	0.0656596	0.0647194	0.0232115
76.3601	0.0698375	0.062233	0.0258254
76.4246	0.0737707	0.0596455	0.028433
76.488	0.0774642	0.0569679	0.0310114
76.5502	0.0809225	0.0542108	0.0335393
76.6113	0.0841497	0.0513846	0.0359975
76.6713	0.0871499	0.0484993	0.0383685
76.7304	0.089927	0.0455651	0.040637
76.7884	0.0924851	0.0425916	0.0427893
76.8454	0.0948287	0.0395885	0.0448138
76.9015	0.0969623	0.0365653	0.0467007
76.9565	0.0988908	0.0335315	0.0484422
77.0105	0.10062	0.0304965	0.0500323
77.0634	0.102155	0.0274696	0.0514671
77.1153	0.103502	0.0244603	0.0527441
77.1661	0.104668	0.0214783	0.0538628
77.2156	0.10566	0.0185334	0.0548246
77.264	0.106486	0.0156358	0.0556323
77.311	0.107155	0.0127966	0.0562905
77.3566	0.107675	0.0100277	0.0568057
77.4006	0.108057	0.00734262	0.0571857
77.4429	0.108313	0.00475767	0.0574404
77.483	0.108455	0.00229353	0.0575819
77.5207	0.108497	-2.0515e-05	0.0576248
77.5499	0.108471	-0.00181302	0.057598
77.5795	0.10839	-0.00362659	0.0575177
77.6123	0.108238	-0.0056412	0.0573658
77.6482	0.107996	-0.00783881	0.0571247
77.6866	0.107651	-0.0101807	0.0567813
77.727	0.107189	-0.0126408	0.0563245
77.7693	0.106601	-0.0151994	0.0557449
77.8132	0.105875	-0.0178404	0.0550347
77.8586	0.105004	-0.0205504	0.054188
77.9054	0.103978	-0.0233171	0.0531999
77.9534	0.102789	-0.0261292	0.0520676
78.0027	0.101431	-0.0289763	0.0507894
78.0531	0.0998971	-0.0318481	0.0493657
78.1047	0.0981802	-0.0347346	0.0477981
78.1574	0.0962751	-0.0376262	0.0460904
78.2111	0.0941765	-0.040513	0.0442477
78.2658	0.0918796	-0.0433854	0.0422772
78.3216	0.0893799	-0.0462335	0.0401877
78.3784	0.0866734	-0.0490476	0.03799
78.4362	0.0837564	-0.0518177	0.0356966
78.4951	0.0806254	-0.0545337	0.0333219
78.555	0.0772772	-0.0571856	0.0308822
78.616	0.0737087	-0.0597628	0.0283953
78.6782	0.0699172	-0.062255	0.0258813
78.7415	0.0658994	-0.0646514	0.0233616
78.806	0.0616521	-0.066941	0.0208595
78.8719	0.0571717	-0.0691124	0.0184
78.9391	0.0524534	-0.0711538	0.01601
79.0079	0.0474913	-0.0730529	0.0137179
79.0784	0.0422772	-0.0747964	0.011554
79.1509	0.0367994	-0.0763701	0.00955099
79.2256	0.0310403	-0.0777579	0.0077439
79.303	0.0249726	-0.0789411	0.00617147
79.3839	0.0185508	-0.0798969	0.00487795
79.4693	0.011692	-0.0805942	0.00391755
79.5562	0.00467032	-0.0809721	0.00338512
79.6384	-0.00198504	-0.0810217	0.00330156
79.7131	-0.00803316	-0.0808073	0.00358112
79.7833	-0.0136929	-0.0803816	0.00414932
79.8619	-0.019984	-0.0796485	0.00512874
79.9472	-0.0267354	-0.0785484	0.00658716
80.0297	-0.0331627	-0.0771867	0.00836725
80.1082	-0.0391613	-0.0756235	0.0103732
80.1837	-0.0448013	-0.0738789	0.0125625
80.2567	-0.0501261	-0.0719686	0.014899
80.3276	-0.0551618	-0.0699066	0.0173495
80.3968	-0.0599252	-0.0677054	0.0198828
80.4645	-0.0644279	-0.0653772	0.0224698
80.5307	-0.0686783	-0.0629332	0.0250831
80.5957	-0.0726828	-0.0603845	0.0276974
80.6594	-0.0764465	-0.0577416	0.0302891
80.7219	-0.0799741	-0.0550149	0.0328363
80.7834	-0.0832694	-0.0522146	0.0353192
80.8438	-0.0863366	-0.0493507	0.0377197
80.9031	-0.0891794	-0.046433	0.0400217
80.9614	-0.0918019	-0.0434715	0.042211
81.0188	-0.0942082	-0.0404758	0.0442754
81.0751	-0.0964029	-0.0374556	0.0462044
81.1304	-0.0983907	-0.0344205	0.0479898
81.1847	-0.100177	-0.0313801	0.0496248
81.2379	-0.101767	-0.0283441	0.051105
81.2901	-0.103167	-0.025322	0.0524274
81.3412	-0.104384	-0.0223238	0.0535911
81.3911	-0.105424	-0.0193595	0.0545969
81.4397	-0.106296	-0.0164395	0.0554472
81.4871	-0.107007	-0.0135748	0.0561462
81.5331	-0.107567	-0.0107772	0.0566998
81.5776	-0.107986	-0.00806004	0.0571156
81.6203	-0.108274	-0.00543891	0.0574029
81.6611	-0.108445	-0.00293321	0.0575732
81.6995	-0.108512	-0.000569485	0.0576405
81.7303	-0.1085	0.00133066	0.0576287
81.7614	-0.108429	0.00324221	0.0575577
81.7935	-0.108294	0.00521626	0.0574221
81.8288	-0.108071	0.00738411	0.0572003
81.8667	-0.107747	0.00970278	0.0568784
81.9067	-0.10731	0.0121439	0.0564451
81.9487	-0.106747	0.0146867	0.0558905
81.9922	-0.10605	0.0173142	0.0552066
82.0374	-0.105208	0.0200124	0.0543871
82.0839	-0.104213	0.0227687	0.0534269
82.1317	-0.103057	0.0255716	0.0523228
82.1807	-0.101733	0.0284105	0.051073
82.231	-0.100234	0.031275	0.0496774
82.2823	-0.0985536	0.0341552	0.0481376
82.3348	-0.0966862	0.0370413	0.0464567
82.3883	-0.0946266	0.0399238	0.0446397
82.4428	-0.0923698	0.0427931	0.0426936
82.4984	-0.0899114	0.0456396	0.0406267
82.5551	-0.0872473	0.0484537	0.0384495
82.6127	-0.0843739	0.0512258	0.0361742
82.6714	-0.0812876	0.0539461	0.0338149
82.7311	-0.0779853	0.0566049	0.0313873
82.7919	-0.074464	0.059192	0.0289092
82.8538	-0.0707207	0.0616973	0.0264
82.9169	-0.0667526	0.0641104	0.0238809
82.9812	-0.0625563	0.0664206	0.0213747
83.0468	-0.0581284	0.0686168	0.0189061
83.1137	-0.0534645	0.0706874	0.0165014
83.1821	-0.048559	0.0726203	0.0141887
83.2523	-0.0434043	0.0744025	0.0119977
83.3242	-0.0379898	0.0760199	0.00996044
83.3984	-0.0322994	0.0774567	0.00811127
83.4751	-0.0263089	0.0786947	0.00648782
83.555	-0.0199783	0.0797119	0.00513267
83.6391	-0.0132364	0.0804792	0.00409693
83.7268	-0.00615985	0.0809444	0.00346192
83.8101	0.000591448	0.0810691	0.00328782
83.8774	0.00604902	0.0809435	0.00345522
83.9451	0.0115146	0.0806139	0.00389897
84.0207	0.0175863	0.0800054	0.00471585
84.1034	0.0241693	0.0790503	0.0059867
84.1877	0.0307784	0.0777707	0.00766561
84.2675	0.0369316	0.0762758	0.00959155
84.344	0.0427006	0.0745918	0.011715
84.4178	0.0481399	0.0727357	0.0139985
84.4895	0.0532811	0.0707223	0.016408
84.5593	0.0581442	0.0685651	0.0189116
84.6275	0.0627425	0.0662769	0.0214794
84.6942	0.0670855	0.0638694	0.0240836
84.7596	0.0711803	0.0613539	0.0266982
84.8237	0.0750327	0.0587413	0.0292989
84.8867	0.0786474	0.0560422	0.0318632
84.9486	0.0820286	0.0532668	0.0343707
85.0093	0.0851803	0.0504253	0.0368027
85.0691	0.0881064	0.0475276	0.0391423
85.1278	0.090811	0.0445833	0.0413746
85.1855	0.0932981	0.0416022	0.0434867
85.2422	0.0955721	0.0385937	0.0454674
85.2979	0.0976378	0.0355674	0.0473078
85.3526	0.0995001	0.0325327	0.0490005
85.4062	0.101164	0.0294989	0.0505401
85.4588	0.102637	0.0264756	0.0519232
85.5103	0.103923	0.0234724	0.0531481
85.5607	0.105031	0.0204991	0.0542147
85.6099	0.105967	0.0175657	0.0551249
85.6578	0.10674	0.0146828	0.0558823
85.7044	0.107358	0.0118619	0.0564919
85.7494	0.10783	0.00911558	0.0569607
85.7929	0.108169	0.00645818	0.0572973
85.8344	0.108384	0.00390736	0.0575123
85.8738	0.10849	0.00148623	0.0576184
85.9105	0.108504	-0.000771045	0.0576316
85.9436	0.108445	-0.00280319	0.0575725
85.9748	0.108327	-0.00472011	0.0574554
86.0094	0.108127	-0.00684521	0.0572557
86.0467	0.107829	-0.00913	0.0569592
86.0863	0.10742	-0.0115436	0.0565537
86.1277	0.106889	-0.0140639	0.0560293
86.1709	0.106225	-0.0166732	0.0553774
86.2157	0.105419	-0.019357	0.0545913
86.2618	0.104462	-0.0221023	0.0536655
86.3093	0.103345	-0.0248976	0.0525964
86.3581	0.102062	-0.0277318	0.0513818
86.408	0.100605	-0.0305946	0.0500213
86.4591	0.0989688	-0.0334759	0.0485158
86.5113	0.0971463	-0.0363658	0.0468682
86.5646	0.0951326	-0.0392545	0.0450831
86.6189	0.0929226	-0.0421323	0.0431667
86.6742	0.0905118	-0.0449896	0.0411273
86.7306	0.0878959	-0.0478165	0.0389747
86.7879	0.0850712	-0.0506034	0.0367208
86.8464	0.0820341	-0.0533403	0.0343792
86.9059	0.0787815	-0.0560173	0.0319652
86.9664	0.0753101	-0.0586242	0.0294961
87.0281	0.0716171	-0.0611508	0.0269911
87.0909	0.0676996	-0.0635866	0.0244709
87.1549	0.0635544	-0.065921	0.021958
87.2201	0.0591781	-0.0681429	0.0194768
87.2868	0.0545666	-0.0702409	0.0170531
87.3549	0.0497146	-0.0722031	0.0147147
87.4246	0.0446151	-0.0740169	0.0124911
87.4962	0.0392582	-0.0756685	0.0104138
87.5698	0.0336295	-0.0771429	0.00851661
87.6459	0.0277068	-0.0784226	0.00683638
87.7251	0.0214545	-0.0794871	0.00541447
87.8082	0.0148108	-0.0803094	0.00429965
87.8968	0.0076742	-0.0808501	0.00355695
87.9814	0.000822023	-0.0810423	0.00328724
88.0493	-0.00467846	-0.0809669	0.00338507
88.1177	-0.0102078	-0.0806843	0.00376555
88.1915	-0.0161434	-0.0801477	0.00448879
88.2728	-0.0226296	-0.0792789	0.00565176
88.3583	-0.0293566	-0.0780554	0.00726888
88.4391	-0.0356085	-0.0766094	0.00914688
88.5163	-0.0414591	-0.0749703	0.0112315
88.5907	-0.0469702	-0.0731554	0.0134842
88.6628	-0.0521773	-0.0711797	0.0158704
88.733	-0.0571024	-0.069057	0.0183575
88.8016	-0.0617601	-0.0667997	0.0209153
88.8687	-0.0661603	-0.0644198	0.0235154
88.9343	-0.0703109	-0.0619287	0.0261313
88.9988	-0.0742175	-0.0593374	0.0287384
89.062	-0.0778852	-0.0566563	0.0313139
89.1241	-0.0813183	-0.0538961	0.0338366
89.1851	-0.0845208	-0.0510668	0.0362876
89.245	-0.0874967	-0.0481785	0.0386494
89.304	-0.0902498	-0.045241	0.0409069
89.3619	-0.0927843	-0.0422642	0.0430467
89.4188	-0.0951046	-0.0392577	0.0450571
89.4747	-0.0972152	-0.0362311	0.0469288
89.5296	-0.0991211	-0.033194	0.048654
89.5835	-0.100828	-0.0301559	0.050227
89.6363	-0.102341	-0.0271263	0.051644
89.6881	-0.103667	-0.024115	0.0529027
89.7387	-0.104812	-0.0211316	0.054003
89.7881	-0.105784	-0.0181864	0.0549462
89.8363	-0.10659	-0.0152898	0.0557356
89.8831	-0.10724	-0.0124531	0.0563759
89.9285	-0.107743	-0.00968843	0.0568738
89.9723	-0.108109	-0.0070099	0.0572374
90.0143	-0.108349	-0.00443425	0.0574771
90.0542	-0.108477	-0.00198311	0.0576049
90.0915	-0.108508	0.000312481	0.0576361
90.1217	-0.108471	0.00216742	0.0575987
90.1519	-0.108377	0.00402592	0.0575051
90.1855	-0.108207	0.00608501	0.0573359
90.2219	-0.107945	0.00831761	0.0570746
90.2607	-0.107576	0.0106882	0.0567083
90.3015	-0.107089	0.0131722	0.0562264
90.3442	-0.106472	0.0157507	0.0556199
90.3884	-0.105717	0.0184082	0.0548813
90.4341	-0.104814	0.0211314	0.0540049
90.4811	-0.103754	0.0239082	0.0529864
90.5295	-0.10253	0.0267275	0.051823
90.579	-0.101135	0.0295788	0.0505138
90.6297	-0.099563	0.0324521	0.0490591
90.6815	-0.0978069	0.0353374	0.0474613
90.7344	-0.0958615	0.038225	0.0457243
90.7883	-0.0937217	0.0411053	0.0438538
90.8433	-0.0913829	0.0439688	0.0418572
90.8993	-0.0888406	0.0468056	0.039744
90.9563	-0.086091	0.0496063	0.0375251
91.0144	-0.0831304	0.0523609	0.0352136
91.0735	-0.0799554	0.0550596	0.0328242
91.1337	-0.0765631	0.0576925	0.0303735
91.1949	-0.0729502	0.0602492	0.0278799
91.2573	-0.0691141	0.0627196	0.0253636
91.3209	-0.0650515	0.0650928	0.0228465
91.3857	-0.0607592	0.0673581	0.0203522
91.4518	-0.0562333	0.069504	0.017906
91.5193	-0.0514691	0.0715188	0.015535
91.5884	-0.0464601	0.07339	0.013268
91.6593	-0.0411977	0.0751041	0.0111356
91.7322	-0.0356692	0.0766465	0.00917092
91.8073	-0.0298558	0.0780006	0.00740944
91.8853	-0.0237276	0.0791469	0.00589069
91.9668	-0.0172343	0.0800611	0.00466025
92.0533	-0.0102819	0.0807096	0.00377503
92.1394	-0.00331893	0.0810255	0.00333654
92.2121	0.00257245	0.0810354	0.00331579
92.2847	0.0084565	0.0808102	0.00361555
92.3556	0.0141692	0.080365	0.004213
92.4347	0.0204937	0.0796069	0.00522652
92.5203	0.0272666	0.0784768	0.00672206
92.6025	0.0336588	0.0770948	0.00852258
92.6807	0.0396265	0.0755125	0.0105443
92.7559	0.0452392	0.0737497	0.0127461
92.8286	0.0505389	0.0718219	0.015092
92.8994	0.0555509	0.0697433	0.0175491
92.9685	0.0602916	0.0675268	0.0200864
93.036	0.0647723	0.0651845	0.022675
93.1021	0.0690012	0.062728	0.0252879
93.1669	0.0729847	0.0601682	0.0278997
93.2305	0.076728	0.0575158	0.0304871
93.293	0.0802355	0.0547813	0.0330285
93.3543	0.0835113	0.0519747	0.0355041
93.4146	0.0865594	0.0491062	0.0378962
93.4739	0.0893836	0.0461856	0.0401887
93.5322	0.091988	0.0432225	0.0423676
93.5894	0.0943768	0.0402266	0.0444209
93.6456	0.0965546	0.0372075	0.0463384
93.7009	0.0985261	0.0341746	0.0481118
93.7551	0.100297	0.0311375	0.0497346
93.8082	0.101872	0.0281057	0.0512025
93.8603	0.103258	0.0250887	0.0525128
93.9113	0.104461	0.0220963	0.0536645
93.9612	0.105488	0.0191383	0.0546585
94.0098	0.106348	0.0162253	0.0554975
94.0571	0.107047	0.0133681	0.0561857
94.1029	0.107597	0.0105787	0.056729
94.1473	0.108006	0.00787033	0.0571353
94.1899	0.108286	0.00525883	0.057414
94.2305	0.108449	0.00276393	0.0575767
94.2687	0.108509	0.000412885	0.0576373
94.2991	0.108493	-0.00145905	0.0576214
94.3298	0.10842	-0.00334518	0.0575478
94.3621	0.108279	-0.00533091	0.0574079
94.3976	0.108052	-0.00750758	0.0571809
94.4356	0.107722	-0.00983342	0.0568532
94.4757	0.107278	-0.0122807	0.0564134
94.5178	0.106709	-0.0148289	0.055852
94.5614	0.106003	-0.0174614	0.0551609
94.6066	0.105153	-0.0201642	0.0543338
94.6532	0.10415	-0.0229248	0.0533659
94.7011	0.102985	-0.0257319	0.0522538
94.7502	0.101651	-0.0285746	0.050996
94.8005	0.100142	-0.0314427	0.0495923
94.8519	0.0984508	-0.0343262	0.0480443
94.9044	0.0965725	-0.0372153	0.0463556
94.958	0.0945014	-0.0401003	0.044531
95.0126	0.0922327	-0.0429715	0.0425774
95.0682	0.0897621	-0.0458194	0.0405036
95.1249	0.0870853	-0.0486341	0.03832
95.1826	0.0841987	-0.0514059	0.036039
95.2413	0.0810989	-0.0541251	0.0336746
95.3011	0.0777827	-0.0567816	0.0312428
95.362	0.074247	-0.0593653	0.0287616
95.424	0.070489	-0.0618659	0.0262503
95.4871	0.0665057	-0.0642731	0.0237303
95.5515	0.0622939	-0.0665759	0.0212246
95.6171	0.0578499	-0.0687633	0.018758
95.6842	0.0531695	-0.0708238	0.016357
95.7527	0.0482468	-0.0727451	0.0140497
95.823	0.0430742	-0.0745144	0.0118662
95.8951	0.0376406	-0.0761175	0.00983852
95.9694	0.0319299	-0.0775387	0.00800134
96.0463	0.0259167	-0.0787598	0.00639258
96.1265	0.0195597	-0.0797585	0.00505529
96.211	0.0127847	-0.0805053	0.00404144
96.2985	0.00572139	-0.0809454	0.00343648
96.3815	-0.00100526	-0.0810489	0.00328941
96.4576	-0.00716222	-0.0808748	0.00352173
96.526	-0.0126884	-0.0804986	0.00402888
96.6033	-0.0188809	-0.0798258	0.00493283
96.6874	-0.0255551	-0.0787952	0.00630418
96.7707	-0.0320668	-0.0774718	0.00803906
96.8498	-0.0381371	-0.0759399	0.0100093
96.9257	-0.0438371	-0.0742227	0.0121693
96.9991	-0.049215	-0.0723363	0.0144823
97.0704	-0.0542996	-0.0702952	0.0169145
97.1398	-0.059109	-0.0681126	0.0194347
97.2077	-0.0636557	-0.0658009	0.0220132
97.2742	-0.0679487	-0.0633718	0.0246227
97.3393	-0.0719945	-0.0608363	0.0272373
97.4032	-0.0757988	-0.0582055	0.0298332
97.466	-0.0793661	-0.0554897	0.0323883
97.5276	-0.0827006	-0.0526992	0.0348825
97.5882	-0.0858062	-0.0498442	0.0372974
97.6477	-0.088687	-0.0469346	0.0396165
97.7062	-0.0913468	-0.0439802	0.0418255
97.7637	-0.0937899	-0.0409906	0.0439116
97.8202	-0.0960207	-0.0379755	0.0458642
97.8757	-0.098044	-0.0349444	0.0476747
97.9301	-0.0998649	-0.0319068	0.0493361
97.9836	-0.101489	-0.0288723	0.0508435
98.0359	-0.102922	-0.0258503	0.0521937
98.0872	-0.104171	-0.0228506	0.0533855
98.1373	-0.105242	-0.019883	0.0544192
98.1862	-0.106143	-0.0169578	0.0552971
98.2339	-0.106883	-0.0140857	0.0560229
98.2801	-0.107469	-0.0112783	0.0566023
98.3249	-0.107913	-0.00854853	0.0570425
98.3679	-0.108224	-0.0059114	0.0573526
98.4091	-0.108415	-0.00338537	0.0575435
98.448	-0.108501	-0.000995243	0.0576286
98.4799	-0.108501	0.000970029	0.057629
98.512	-0.108438	0.00294071	0.0575664
98.5434	-0.108315	0.00487574	0.0574435
98.5783	-0.108108	0.00701405	0.0572369
98.6158	-0.107802	0.00930904	0.0569324
98.6555	-0.107384	0.0117307	0.0565183
98.6971	-0.106843	0.0142574	0.0559844
98.7404	-0.106169	0.0168717	0.0553226
98.7853	-0.105352	0.0195593	0.0545261
98.8316	-0.104383	0.0223073	0.0535897
98.8792	-0.103254	0.0251043	0.0525098
98.928	-0.101959	0.0279393	0.0512844
98.9781	-0.100489	0.0308021	0.0499131
99.0292	-0.098839	0.0336826	0.0483971
99.0815	-0.0970028	0.0365709	0.0467394
99.1348	-0.0949751	0.0394575	0.0449446
99.1892	-0.092751	0.0423326	0.0430192
99.2446	-0.0903257	0.0451866	0.0409715
99.3011	-0.0876953	0.0480098	0.0388116
99.3585	-0.0848559	0.0507925	0.0365513
99.417	-0.0818039	0.0535249	0.0342044
99.4766	-0.0785363	0.0561969	0.0317864
99.5372	-0.0750498	0.0587985	0.0293148
99.5989	-0.0713416	0.0613194	0.0268086
99.6618	-0.0674088	0.0637492	0.0242889
99.7259	-0.0632481	0.0660771	0.0217781
99.7913	-0.0588561	0.0682921	0.0193008
99.858	-0.0542286	0.0703827	0.016883
99.9262	-0.0493602	0.0723367	0.0145524
99.996	-0.0442438	0.0741415	0.0123387
100.068	-0.0388691	0.0757831	0.0102735
