1.00023
1.0007
1.00186
1.00351
1.00566
1.00831
1.01151
1.01527
1.01962
1.02461
1.03027
1.03677
1.04417
1.05242
1.06154
1.0715
1.08224
1.09353
1.1049
1.11557
1.12467
1.13224
1.13973
1.14855
1.15894
1.16969
1.17898
1.18595
1.19143
1.19697
1.20361
1.21178
1.22145
1.23277
1.2458
1.25939
1.27155
1.28075
1.28709
1.29286
1.30096
1.31251
1.32581
1.33823
1.3475
1.35415
1.36253
1.37127
1.3774
1.38223
1.38716
1.39204
1.39606
1.39917
1.40224
1.40521
1.40784
1.41193
1.41949
1.42937
1.43837
1.4445
1.44723
1.44648
1.44212
1.43478
1.42712
1.4203
1.41481
1.41188
1.41083
1.41042
1.41013
1.41098
1.41543
1.42524
1.43932
1.45406
1.46624
1.47442
1.47832
1.47922
1.47877
1.47751
1.47482
1.46984
1.46255
1.45403
1.44632
1.44173
1.44145
1.44441
1.44941
1.45621
1.46402
1.4711
1.47549
1.47616
1.47317
1.46758
1.46146
1.45606
1.45104
1.44681
1.44591
1.44956
1.45388
1.45368
1.44874
1.44287
1.4386
1.43688
1.43829
1.44234
1.44721
1.45109
1.45399
1.45686
1.45981
1.46314
1.46724
1.47019
1.46967
1.4667
1.46387
1.46334
1.46568
1.46731
1.46453
1.4576
1.44976
1.44566
1.44764
1.45259
1.45552
1.45502
1.45347
1.45386
1.45738
1.46291
1.46777
1.46998
1.46967
1.46768
1.46525
1.46449
1.46689
1.47145
1.47457
1.47291
1.46746
1.46299
1.46216
1.46385
1.46613
1.46762
1.46757
1.46587
1.46315
1.46183
1.46484
1.47058
1.47461
1.47551
1.47455
1.47332
1.47277
1.47183
1.46847
1.46282
1.45832
1.45742
1.45888
1.4613
1.46469
1.4687
1.47299
1.47634
1.47676
1.47403
1.47118
1.47211
1.47656
1.48055
1.48157
1.48101
1.48082
1.48148
1.48365
1.48656
1.4877
1.48556
1.4799
1.47177
1.46466
1.46383
1.47121
1.48095
1.48681
1.48806
1.4872
1.00183
1.00831
1.01664
1.02351
1.02761
1.0303
1.03321
1.03587
1.03691
1.03608
1.03471
1.03451
1.03595
1.03774
1.03838
1.03838
1.0396
1.04212
1.04401
1.04432
1.04442
1.04628
1.04982
1.05312
1.05499
1.05599
1.05728
1.05941
1.06189
1.06347
1.06335
1.06165
1.059
1.05645
1.05517
1.05585
1.05809
1.06074
1.06275
1.06383
1.06423
1.06408
1.06357
1.06324
1.06336
1.06349
1.06298
1.06197
1.06151
1.06239
1.06478
1.06805
1.07068
1.07118
1.06958
1.06757
1.06709
1.06837
1.06989
1.07055
1.07083
1.07147
1.07223
1.07223
1.07054
1.06699
1.06233
1.05841
1.05694
1.05735
1.05785
1.05757
1.05722
1.05781
1.05878
1.06012
1.06305
1.06683
1.06938
1.07012
1.06948
1.06817
1.06752
1.06839
1.07068
1.07372
1.07637
1.07733
1.07603
1.07302
1.06967
1.06702
1.06495
1.06259
1.05948
1.05653
1.0552
1.05524
1.0549
1.05363
1.05249
1.05231
1.05269
1.05333
1.05491
1.05803
1.06224
1.06689
1.07131
1.07445
1.07571
1.07536
1.07387
1.07139
1.06805
1.06466
1.06228
1.0611
1.0606
1.06037
1.06084
1.06273
1.06573
1.06867
1.07102
1.07325
1.07577
1.07793
1.07854
1.07806
1.07848
1.08022
1.08235
1.08407
1.08465
1.08476
1.08528
1.08552
1.08502
1.0845
1.08488
1.08608
1.087
1.08698
1.08688
1.08855
1.09214
1.09517
1.09533
1.0927
1.08877
1.08485
1.08164
1.07921
1.07729
1.07594
1.0758
1.0775
1.08042
1.08327
1.086
1.0893
1.09267
1.0954
1.09819
1.1018
1.10534
1.10773
1.1092
1.11043
1.11137
1.11111
1.10899
1.10546
1.10193
1.09956
1.09783
1.09549
1.09259
1.09004
1.08832
1.08786
1.08874
1.08978
1.08981
1.08902
1.08762
1.08417
1.07758
1.0696
1.06348
1.06112
1.06292
1.06821
1.07449
1.07905
1.08183
1.08415
1.08563
1.08659
1.00234
1.00687
1.01233
1.01717
1.0208
1.02319
1.02408
1.02317
1.02087
1.01843
1.01706
1.01648
1.01558
1.01371
1.01044
1.00627
1.00328
1.00366
1.00687
1.01096
1.01464
1.01689
1.01734
1.01723
1.01887
1.02325
1.02854
1.03188
1.03194
1.0292
1.02478
1.01942
1.01424
1.01109
1.01087
1.0128
1.01576
1.01932
1.0235
1.02785
1.03155
1.03369
1.03391
1.03276
1.03075
1.02792
1.02445
1.02122
1.01929
1.01893
1.01967
1.02117
1.02355
1.02648
1.02914
1.03165
1.03491
1.03936
1.04423
1.04801
1.04952
1.04831
1.04476
1.04016
1.03638
1.03489
1.03575
1.03744
1.03814
1.03772
1.03766
1.03838
1.03912
1.03936
1.03926
1.03979
1.04209
1.04606
1.05033
1.05358
1.05564
1.05684
1.05738
1.05743
1.05694
1.05589
1.05407
1.05109
1.04733
1.04453
1.04504
1.04978
1.05698
1.06354
1.0669
1.06602
1.0616
1.05617
1.05273
1.05234
1.05415
1.05703
1.05969
1.06216
1.06603
1.07203
1.07865
1.08365
1.08601
1.08616
1.08483
1.08191
1.07695
1.07043
1.06399
1.05962
1.05842
1.06024
1.06391
1.06759
1.06937
1.06757
1.06225
1.05647
1.05351
1.05324
1.05344
1.05316
1.05327
1.05441
1.05662
1.06043
1.06518
1.06899
1.07102
1.07167
1.07114
1.06931
1.06687
1.06536
1.06539
1.06658
1.06933
1.07399
1.07946
1.08425
1.08799
1.09081
1.09185
1.08993
1.08543
1.08042
1.07687
1.07534
1.07535
1.07648
1.07856
1.08094
1.08216
1.08085
1.07698
1.0719
1.06739
1.06475
1.06443
1.06626
1.06896
1.07067
1.07062
1.06977
1.06964
1.07077
1.07292
1.07573
1.07837
1.07997
1.08034
1.07967
1.07792
1.07515
1.0721
1.06949
1.06775
1.06698
1.06662
1.06639
1.06675
1.06718
1.06637
1.06422
1.06138
1.05766
1.05276
1.04911
1.04964
1.05208
1.05342
1.05342
1.05284
1.05247
1.00092
1.00403
1.00903
1.01418
1.01768
1.01883
1.0179
1.01541
1.01182
1.00793
1.00482
1.00267
1.00074
0.998836
0.997499
0.997181
0.997705
0.998409
0.998503
0.997818
0.997138
0.997237
0.998382
1.00064
1.00394
1.00838
1.0139
1.01941
1.02342
1.0254
1.02509
1.02178
1.01573
1.00883
1.00383
1.00312
1.00619
1.01022
1.01361
1.01627
1.0184
1.01995
1.021
1.02193
1.02306
1.02418
1.02486
1.02493
1.02438
1.02335
1.02253
1.02244
1.02276
1.02277
1.02219
1.02151
1.02119
1.02111
1.02081
1.02032
1.0204
1.02122
1.02223
1.02275
1.02285
1.02348
1.02493
1.02688
1.02969
1.03376
1.03815
1.04061
1.03916
1.03365
1.02596
1.01891
1.01484
1.01466
1.01777
1.02252
1.0268
1.02887
1.02883
1.02847
1.02951
1.03223
1.03545
1.0372
1.03565
1.03107
1.02626
1.02319
1.02149
1.02125
1.02366
1.0278
1.03131
1.03405
1.03728
1.04136
1.04485
1.04599
1.04448
1.04148
1.03857
1.03679
1.03643
1.03727
1.03867
1.0399
1.04075
1.04169
1.04307
1.04416
1.04442
1.04391
1.04193
1.03807
1.03375
1.03099
1.03052
1.0318
1.03369
1.03508
1.03582
1.03612
1.03576
1.03481
1.03428
1.03506
1.03716
1.03983
1.04215
1.04337
1.0428
1.04011
1.03586
1.03179
1.02988
1.03112
1.0348
1.03791
1.03788
1.03543
1.0321
1.02873
1.02641
1.02501
1.02376
1.02265
1.02207
1.02142
1.01989
1.01841
1.0193
1.02367
1.0298
1.03524
1.03906
1.04199
1.0446
1.04589
1.04479
1.04138
1.03668
1.0323
1.0296
1.02887
1.02903
1.0278
1.02407
1.01993
1.01904
1.02198
1.02493
1.02408
1.01952
1.01494
1.01429
1.01812
1.02345
1.0272
1.02874
1.02994
1.03195
1.0333
1.03244
1.03019
1.02863
1.0291
1.03154
1.03485
1.03732
1.03738
1.03487
1.03216
1.03208
1.03515
1.04
1.04434
1.00188
1.00101
0.998141
0.994681
0.993247
0.995191
0.997747
0.998856
0.999126
0.99855
0.996638
0.993798
0.990861
0.988438
0.986765
0.985704
0.984862
0.984219
0.984071
0.984675
0.986477
0.989505
0.992877
0.995763
0.998316
1.00096
1.00322
1.00411
1.00299
1.00056
0.998491
0.997008
0.994844
0.990983
0.986396
0.983991
0.984362
0.985187
0.98483
0.983437
0.982385
0.983229
0.98617
0.98964
0.992049
0.993436
0.994362
0.994449
0.993166
0.991162
0.989889
0.989952
0.990949
0.992237
0.992848
0.992134
0.990569
0.988805
0.986592
0.9836
0.980476
0.978143
0.97723
0.978196
0.980525
0.982921
0.984854
0.986616
0.988337
0.989892
0.991487
0.993579
0.996671
1.00032
1.0028
1.00294
1.00088
0.997818
0.995456
0.994837
0.995797
0.997319
0.998521
0.998991
0.998489
0.997305
0.996309
0.996337
0.997798
1.00043
1.00328
1.00471
1.00308
0.998616
0.994177
0.99248
0.992702
0.991998
0.989123
0.985258
0.982532
0.982068
0.983391
0.985865
0.989064
0.991794
0.992834
0.99223
0.991363
0.991859
0.994083
0.996826
0.998555
0.998497
0.997053
0.996301
0.998212
1.00154
1.00413
1.00521
1.00444
1.0017
0.997494
0.992583
0.988363
0.986627
0.987702
0.990346
0.993648
0.997336
1.0006
1.00257
1.00347
1.00364
1.00291
1.00175
1.00099
1.00111
1.00183
1.00234
1.00241
1.00225
1.00171
1.00076
0.999946
0.999832
1.00022
1.00113
1.00305
1.00503
1.00642
1.00783
1.00917
1.00925
1.00726
1.00409
1.00172
1.00152
1.00352
1.00661
1.0092
1.01015
1.0092
1.00615
1.00106
0.995925
0.993813
0.995193
0.998065
1.00104
1.00388
1.00682
1.01012
1.01318
1.01474
1.01424
1.01146
1.00642
1.00051
0.995512
0.991699
0.988707
0.987009
0.987114
0.988691
0.991071
0.994217
0.99846
1.00294
1.00573
1.00577
1.00296
0.997657
0.990753
0.983772
0.978168
0.974624
0.97403
0.97702
