0.00342302
0.003425
0.00342729
0.00342991
0.00343284
0.00343611
0.00343969
0.0034436
0.00344784
0.0034524
0.00345728
0.00346249
0.00346803
0.00347389
0.00348008
0.0034866
0.00349345
0.00350062
0.00350813
0.00351596
0.00352413
0.00353262
0.00354145
0.00355062
0.00356011
0.00356994
0.00358011
0.00359062
0.00360146
0.00361264
0.00362416
0.00363602
0.00364822
0.00366077
0.00367366
0.0036869
0.00370048
0.00371441
0.00372869
0.00374332
0.00375831
0.00377365
0.00378934
0.00380539
0.0038218
0.00383856
0.00385569
0.00387318
0.00389104
0.00390926
0.00392785
0.00394682
0.00396615
0.00398586
0.00400594
0.00402641
0.00404725
0.00406847
0.00409008
0.00411208
0.00413447
0.00415724
0.00418041
0.00420398
0.00422794
0.00425231
0.00427708
0.00430226
0.00432784
0.00435384
0.00438025
0.00440708
0.00443433
0.004462
0.0044901
0.00451863
0.00454759
0.00457699
0.00460682
0.0046371
0.00466783
0.004699
0.00473063
0.00476271
0.00479526
0.00482827
0.00486175
0.0048957
0.00493012
0.00496503
0.00500042
0.0050363
0.00507267
0.00510954
0.00514692
0.0051848
0.00522319
0.0052621
0.00530153
0.00534148
0.00538197
0.005423
0.00546456
0.00550668
0.00554935
0.00559258
0.00563637
0.00568073
0.00572568
0.0057712
0.00581731
0.00586402
0.00591134
0.00595926
0.0060078
0.00605696
0.00610675
0.00615718
0.00620825
0.00625998
0.00631237
0.00636542
0.00641916
0.00647358
0.00652869
0.00658451
0.00664103
0.00669828
0.00675626
0.00681497
0.00687444
0.00693466
0.00699566
0.00705743
0.00712
0.00718336
0.00724754
0.00731254
0.00737838
0.00744506
0.00751261
0.00758102
0.00765033
0.00772053
0.00779164
0.00786368
0.00793666
0.00801059
0.00808549
0.00816138
0.00823827
0.00831618
0.00839511
0.0084751
0.00855616
0.0086383
0.00872154
0.00880591
0.00889141
0.00897808
0.00906593
0.00915498
0.00924526
0.00933678
0.00942957
0.00952366
0.00961906
0.0097158
0.0098139
0.0099134
0.0100143
0.0101167
0.0102205
0.0103259
0.0104328
0.0105412
0.0106513
0.0107629
0.0108763
0.0109913
0.0111081
0.0112267
0.0113471
0.0114693
0.0115934
0.0117195
0.0118475
0.0119776
0.0121098
0.0122441
0.0123806
0.0125193
0.0126602
0.0128036
0.0129493
0.0130975
0.0132482
0.0134016
0.0135575
0.0137162
0.0138778
0.0140422
0.0142095
0.0143799
0.0145535
0.0147303
0.0149103
0.0150938
0.0152809
0.0154715
0.0156659
0.0158641
0.0160664
0.0162727
0.0164833
0.0166982
0.0169177
0.0171418
0.0173708
0.0176049
0.0178441
0.0180887
0.0183389
0.0185949
0.0188568
0.0191251
0.0193998
0.0196813
0.0199698
0.0202656
0.0205691
0.0208805
0.0212002
0.0215285
0.021866
0.0222129
0.0225697
0.022937
0.0233151
0.0237047
0.0241063
0.0245205
0.0249481
0.0253897
0.025846
0.026318
0.0268065
0.0273125
0.027837
0.0283811
0.028946
0.0295331
0.0301438
0.0307795
0.031442
0.0321332
0.0328549
0.0336093
0.0343988
0.0352258
0.0360932
0.0370038
0.0379609
0.0389679
0.0400284
0.0411462
0.0423253
0.0435697
0.0448834
0.0462699
0.0477321
0.0492719
0.0508891
0.0525804
0.0543383
0.056148
0.0579854
0.0598127
0.0615739
0.0631907
0.0645599
0.0655564
0.0660486
0.0659317
0.0651814
0.06391
0.0623866
0.06098
0.0600366
0.0597805
0.0603001
0.0615808
0.063518
0.0659457
0.0687248
0.0718139
0.075207
0.078789
0.0822699
0.0852671
0.0874533
0.0886639
0.0889426
0.0885489
0.0879298
0.0876148
0.0880176
0.089232
0.0909662
0.0926692
0.093745
0.093727
0.0923829
0.089799
0.0864578
0.0832203
0.0810974
0.0808522
0.0826898
0.0862447
0.0908101
0.0956278
0.100107
0.103922
0.106988
0.109374
0.111215
0.112641
0.113747
0.114574
0.115114
0.115322
0.115138
0.114526
0.113532
0.112321
0.111191
0.110512
0.110633
0.111802
0.114133
0.117556
0.121766
0.12624
0.130375
0.133684
0.135948
0.137266
0.137978
0.138467
0.138906
0.139119
0.138727
0.13752
0.135792
0.134394
0.134402
0.136575
0.140928
0.146697
0.152688
0.157786
0.161361
0.163446
0.164616
0.16559
0.166771
0.168091
0.169272
0.170208
0.171061
0.172028
0.173038
0.173673
0.173395
0.171879
0.16924
0.165999
0.162838
0.160317
0.158741
0.158196
0.15869
0.160244
0.162849
0.166323
0.170253
0.174121
0.177513
0.180236
0.182273
0.183671
0.184481
0.184777
0.184684
0.18436
0.183953
0.183609
0.183527
0.183986
0.185248
0.187389
0.190203
0.193276
0.196172
0.198573
0.200327
0.20141
0.201843
0.2016
0.200512
0.198229
0.194347
0.188745
0.182086
0.176105
0.173152
0.174862
0.180921
0.189215
0.197248
0.203475
0.207729
0.210883
0.214128
0.218207
0.223078
0.228222
0.233197
0.237913
0.242554
0.247311
0.252183
0.256912
0.261052
0.264043
0.265267
0.264161
0.260658
0.256012
0.253201
0.255344
0.2628
0.272804
0.28215
0.28916
0.293572
0.295764
0.296293
0.295782
0.294908
0.294335
0.294541
0.295623
0.297226
0.298671
0.299183
0.298104
0.295112
0.2905
0.285408
0.281659
0.280994
0.284137
0.290488
0.298639
0.30716
0.315093
0.322064
0.32811
0.333323
0.337527
0.340215
0.340779
0.338809
0.334258
0.327511
0.319487
0.311814
0.306676
0.305766
0.308985
0.31455
0.320447
0.325461
0.329161
0.331505
0.332606
0.332711
0.332211
0.331579
0.331222
0.331311
0.331696
0.331962
0.331643
0.330433
0.328279
0.325459
0.322703
0.321207
0.322245
0.326331
0.332674
0.33966
0.345924
0.350918
0.354693
0.357418
0.359146
0.359915
0.359943
0.359665
0.359518
0.359643
0.359789
0.359548
0.358731
0.357563
0.356556
0.35617
0.356533
0.357401
0.35833
0.358882
0.358819
0.358245
0.357623
0.357578
0.35861
0.360897
0.364277
0.368305
0.37234
0.375752
0.378169
0.37962
0.38047
0.381165
0.381914
0.382532
0.382592
0.38177
0.380119
0.378094
0.376326
0.375305
0.375117
0.375397
0.375579
0.375316
0.374774
0.374614
0.375725
0.378809
0.383878
0.389982
0.39553
0.399076
0.399925
0.398248
0.394747
0.390097
0.384584
0.378417
0.372364
0.367459
0.363715
0.36008
0.356393
0.354268
0.355355
0.359823
0.366828
0.375158
0.383331
0.389903
0.393883
0.394885
0.393032
0.388794
0.38284
0.375975
0.369153
0.363383
0.359415
0.357507
0.357625
0.359796
0.364024
0.369929
0.376664
0.383226
0.388819
0.393044
0.395881
0.397531
0.398199
0.397922
0.396507
0.393641
0.389204
0.383697
0.378457
0.375101
0.374329
0.375377
0.376854
0.377921
0.378641
0.379607
0.381394
0.38422
0.387887
0.391988
0.396162
0.400253
0.404321
0.40855
0.413142
0.418225
0.423789
0.42967
0.435594
0.441241
0.4463
0.45048
0.453494
0.455057
0.454968
0.453345
0.45086
0.448487
0.44661
0.444583
0.441795
0.439112
0.43855
0.441335
0.446915
0.453945
0.461499
0.469281
0.477264
0.48534
0.493129
0.499928
0.504759
0.506487
0.504009
0.496699
0.485265
0.472623
0.463353
0.461057
0.465912
0.47507
0.484982
0.493222
0.498828
0.501766
0.502343
0.500887
0.49768
0.493038
0.487483
0.481866
0.47724
0.474355
0.473178
0.472983
0.472972
0.472774
0.472412
0.471954
0.471249
0.469986
0.467952
0.465265
0.462447
0.460287
0.459548
0.460593
0.463141
0.466287
0.468758
0.4692
0.466433
0.459867
0.450378
0.441172
0.436914
0.440302
0.449524
0.460034
0.468099
0.472314
0.473101
0.471881
0.470585
0.471046
0.473964
0.478306
0.481987
0.483189
0.481227
0.476917
0.472573
0.471108
0.474126
0.480801
0.488971
0.496925
0.503999
0.510137
0.515352
0.519556
0.522678
0.524822
0.526259
0.52725
0.527888
0.528124
0.527987
0.527752
0.527901
0.528867
0.530764
0.533301
0.535932
0.538091
0.539372
0.539604
0.538843
0.537346
0.535559
0.534102
0.533636
0.534567
0.536769
0.539671
0.542713
0.545726
0.54877
0.551637
0.553614
0.553782
0.551576
0.547252
0.542061
0.537776
0.535513
0.534806
0.534058
0.531864
0.527794
0.522278
0.516175
0.510542
0.506515
0.504958
0.505943
0.508631
0.511771
0.514304
0.51561
0.515374
0.513361
0.5093
0.502928
0.494226
0.483859
0.473589
0.465814
0.461965
0.461318
0.461894
0.462298
0.462442
0.462894
0.463967
0.465435
0.466847
0.467876
0.468423
0.468541
0.468344
0.467943
0.467423
0.466826
0.466155
0.465365
0.464365
0.463032
0.461235
0.458923
0.456244
0.453654
0.451839
0.451332
0.452064
0.453288
0.454096
0.45413
0.453963
0.454777
0.457465
0.461918
0.467218
0.472375
0.476799
0.480245
0.482539
0.483407
0.482568
0.4801
0.476926
0.474915
0.476051
0.481013
0.488673
0.49706
0.504571
0.510395
0.514384
0.516797
0.518042
0.518471
0.518344
0.517925
0.517451
0.517006
0.516555
0.516186
0.516163
0.51666
0.517545
0.518563
0.519693
0.521222
0.523425
0.526261
0.529345
0.532004
0.533464
0.533424
0.532458
0.531485
0.530804
0.529914
0.528351
0.526786
0.527244
0.531593
0.539637
0.549372
0.558784
0.566783
0.572968
0.577242
0.579657
0.580383
0.579687
0.577876
0.575222
0.571865
0.567754
0.562735
0.556914
0.551208
0.547575
0.548112
0.553387
0.561763
0.570614
0.577972
0.583191
0.586589
0.588739
0.589949
0.590233
0.589581
0.588171
0.586358
0.584618
0.583665
0.584501
0.587846
0.593355
0.599801
0.606173
0.61231
0.618466
0.62449
0.629405
0.631595
0.629423
0.62214
0.610882
0.598904
0.590081
0.586632
0.58825
0.593285
0.600854
0.611298
0.624327
0.637959
0.649774
0.658337
0.663357
0.665211
0.664587
0.662273
0.658963
0.655033
0.650512
0.645398
0.640108
0.635729
0.633732
0.634847
0.63779
0.639904
0.639477
0.636988
0.634292
0.633205
0.634951
0.640151
0.64836
0.658078
0.667916
0.677136
0.685194
0.69161
0.696212
0.699054
0.700027
0.698717
0.694781
0.688475
0.68088
0.673826
0.669832
0.671456
0.679141
0.689919
0.699703
0.70633
0.709954
0.711663
0.71237
0.712758
0.713792
0.716692
0.721903
0.728226
0.733453
0.735812
0.734837
0.731329
0.726794
0.722722
0.720127
0.71954
0.720869
0.722687
0.722238
0.717423
0.709406
0.702782
0.701317
0.703704
0.706286
0.708407
0.712269
0.719057
0.727272
0.734095
0.736974
0.734241
0.725087
0.709444
0.688875
0.668581
0.656056
0.653524
0.655195
0.655186
0.653646
0.654484
0.659994
0.66921
0.679862
0.690009
0.698458
0.704483
0.707319
0.705934
