1.00025
1.00075
1.00201
1.00378
1.00609
1.00895
1.01239
1.01643
1.0211
1.02646
1.03253
1.03937
1.04703
1.05554
1.06493
1.07519
1.08625
1.09787
1.10957
1.12056
1.12997
1.1378
1.14552
1.1546
1.16525
1.17624
1.1857
1.19283
1.19855
1.20438
1.21137
1.21977
1.22955
1.24104
1.25428
1.26804
1.28029
1.28951
1.29597
1.3021
1.31078
1.32271
1.33604
1.34829
1.35729
1.3641
1.37295
1.38175
1.38785
1.39287
1.39809
1.4031
1.40712
1.41034
1.41354
1.41654
1.41929
1.4239
1.43219
1.4425
1.45152
1.45743
1.45984
1.45867
1.45367
1.44593
1.43831
1.43174
1.42695
1.42472
1.42419
1.42417
1.42416
1.42541
1.43054
1.44115
1.4558
1.47063
1.48264
1.49052
1.4942
1.49495
1.4942
1.49236
1.4889
1.48326
1.47577
1.46777
1.46124
1.45804
1.45889
1.46288
1.46901
1.47637
1.48364
1.48946
1.49253
1.49224
1.48893
1.48405
1.47929
1.47485
1.47046
1.46725
1.4675
1.47118
1.47406
1.47216
1.46634
1.46025
1.45606
1.45462
1.45658
1.46155
1.46746
1.47244
1.47638
1.47963
1.48191
1.48356
1.48567
1.48824
1.48983
1.48913
1.48656
1.48395
1.48319
1.48315
1.48081
1.4759
1.47102
1.46984
1.47511
1.48353
1.48735
1.48468
1.4798
1.47739
1.47817
1.48037
1.48303
1.48527
1.48682
1.48773
1.48845
1.48925
1.49
1.49015
1.4885
1.48561
1.48489
1.48839
1.49333
1.4957
1.49598
1.49764
1.50008
1.50036
1.49832
1.49666
1.49647
1.49667
1.49647
1.49492
1.49146
1.48705
1.48383
1.48389
1.4876
1.49403
1.50244
1.51129
1.51768
1.51949
1.51639
1.50999
1.50393
1.5022
1.5044
1.50667
1.50766
1.50975
1.51436
1.51969
1.52324
1.5233
1.52079
1.51858
1.51717
1.51567
1.51519
1.51684
1.51794
1.51647
1.51475
1.51476
1.51591
1.51701
1.51762
1.51907
1.52238
1.00531
1.01347
1.02283
1.03225
1.04008
1.04412
1.04316
1.03858
1.03394
1.03294
1.03671
1.04338
1.04997
1.05432
1.05591
1.05549
1.05403
1.05171
1.04851
1.04549
1.04416
1.04456
1.04512
1.04486
1.04519
1.04834
1.05429
1.06087
1.06652
1.07114
1.07443
1.07544
1.07345
1.06843
1.06207
1.05765
1.05699
1.05855
1.06013
1.06068
1.06006
1.05897
1.05817
1.05774
1.05763
1.05793
1.05888
1.06114
1.06495
1.06885
1.07092
1.07053
1.06865
1.06735
1.06834
1.07119
1.07389
1.07538
1.07656
1.07813
1.07906
1.07769
1.07368
1.06859
1.0646
1.06284
1.06267
1.06234
1.06102
1.06087
1.06348
1.06669
1.06915
1.07128
1.07471
1.08002
1.08507
1.08811
1.08921
1.08939
1.08922
1.08857
1.08813
1.08971
1.0939
1.09884
1.10222
1.10287
1.10051
1.0958
1.09094
1.08894
1.09064
1.09393
1.09683
1.09921
1.10185
1.10498
1.10739
1.10725
1.10401
1.09844
1.09212
1.08726
1.08582
1.08846
1.09424
1.10122
1.10771
1.11316
1.11799
1.12222
1.12467
1.12382
1.11939
1.11326
1.10849
1.10679
1.10776
1.10996
1.11227
1.11361
1.1137
1.11413
1.11652
1.12057
1.12448
1.12639
1.1254
1.12218
1.11816
1.11377
1.10888
1.10395
1.09959
1.09692
1.09757
1.10158
1.1068
1.11105
1.11363
1.11546
1.11781
1.12102
1.12486
1.12898
1.13245
1.13435
1.13498
1.13581
1.13731
1.13873
1.13998
1.14111
1.1417
1.14163
1.14131
1.14067
1.13876
1.1347
1.12837
1.11988
1.10952
1.09937
1.09356
1.09384
1.09735
1.10125
1.10597
1.11207
1.11772
1.12151
1.12374
1.12504
1.12525
1.12351
1.11931
1.11374
1.10856
1.10389
1.09949
1.09633
1.09515
1.09514
1.09489
1.09386
1.09316
1.09542
1.10128
1.10866
1.11629
1.12382
1.13027
1.13432
1.13516
1.13376
1.13212
1.13095
1.12937
1.12708
0.998861
1.00015
1.00343
1.00722
1.00986
1.01097
1.01139
1.01216
1.01401
1.01677
1.01921
1.02017
1.01917
1.01652
1.01334
1.01071
1.00871
1.00736
1.00681
1.00649
1.00613
1.00642
1.00837
1.01243
1.01826
1.02497
1.03114
1.03532
1.03677
1.03547
1.03215
1.02829
1.02551
1.02454
1.02465
1.02522
1.02691
1.02948
1.03216
1.0353
1.03859
1.0404
1.03962
1.03668
1.03353
1.03275
1.03556
1.04058
1.04533
1.04825
1.04913
1.0487
1.0479
1.04686
1.04541
1.04386
1.04248
1.04178
1.04246
1.04418
1.04573
1.04645
1.04669
1.04702
1.04735
1.04687
1.04489
1.04172
1.03872
1.03848
1.04216
1.04673
1.04855
1.04709
1.04425
1.04172
1.03983
1.03881
1.03959
1.04234
1.04546
1.04695
1.04627
1.04468
1.04367
1.04364
1.04434
1.04574
1.04759
1.0486
1.04761
1.04464
1.0407
1.03745
1.03642
1.03841
1.043
1.04784
1.04992
1.04762
1.04162
1.03488
1.03061
1.02988
1.03163
1.03402
1.03559
1.03626
1.0376
1.04074
1.04467
1.04815
1.05129
1.05436
1.05674
1.0575
1.05619
1.05395
1.05338
1.05552
1.0585
1.06051
1.0622
1.06423
1.06576
1.06639
1.06624
1.06501
1.06217
1.05857
1.05754
1.06055
1.06435
1.06593
1.06488
1.06215
1.05953
1.05853
1.05921
1.06104
1.06384
1.06739
1.07141
1.0755
1.07889
1.08076
1.08089
1.07988
1.07886
1.07872
1.07908
1.07826
1.07525
1.071
1.06739
1.06573
1.06601
1.06756
1.06956
1.0715
1.0738
1.07648
1.07866
1.07962
1.07965
1.07985
1.08064
1.08132
1.0813
1.08051
1.07872
1.07638
1.07423
1.07179
1.06854
1.06521
1.06285
1.06223
1.06366
1.06639
1.06862
1.06881
1.06651
1.0625
1.05828
1.0553
1.05456
1.05642
1.06036
1.06415
1.06555
1.06496
1.06449
1.0653
1.06689
1.06864
1.07077
1.07394
1.07754
1.07984
1.00049
0.999529
0.997232
0.994189
0.991293
0.989138
0.987724
0.987175
0.988375
0.992094
0.997854
1.00397
1.00881
1.0118
1.01322
1.01345
1.01243
1.00961
1.00537
1.00206
1.00099
1.00055
0.99877
0.996068
0.994981
0.997136
1.00189
1.0083
1.01534
1.02131
1.02551
1.02839
1.03019
1.03089
1.03048
1.02886
1.02587
1.02204
1.01896
1.01767
1.01762
1.01791
1.01853
1.01958
1.02049
1.02046
1.01876
1.01539
1.01197
1.01075
1.01211
1.0138
1.01354
1.01142
1.00975
1.01065
1.01408
1.01845
1.02225
1.02497
1.02701
1.029
1.03132
1.03416
1.03759
1.04102
1.04391
1.04598
1.04676
1.04601
1.04378
1.03978
1.03342
1.02541
1.01868
1.01599
1.01716
1.02026
1.02342
1.02547
1.02584
1.02535
1.02597
1.02749
1.02915
1.03171
1.03488
1.03762
1.03983
1.04151
1.04147
1.03865
1.03539
1.03516
1.03662
1.03701
1.03608
1.03479
1.0339
1.03303
1.03092
1.02715
1.02328
1.02094
1.02017
1.02122
1.02503
1.03102
1.03703
1.04206
1.04551
1.04585
1.04259
1.03754
1.03398
1.03428
1.03803
1.0423
1.04429
1.04332
1.04013
1.03597
1.03261
1.03202
1.03479
1.03944
1.04345
1.04507
1.04445
1.04328
1.04326
1.04514
1.04855
1.05188
1.05341
1.05269
1.05089
1.04978
1.05
1.0503
1.04931
1.04649
1.04235
1.03848
1.03593
1.03471
1.03458
1.03523
1.03609
1.03671
1.03735
1.03853
1.03996
1.04058
1.03991
1.03911
1.03945
1.03979
1.03866
1.03669
1.03543
1.03577
1.0373
1.03876
1.03991
1.04095
1.04051
1.03777
1.03518
1.03568
1.03863
1.04123
1.04202
1.04222
1.04444
1.04942
1.05488
1.05807
1.05831
1.05701
1.05579
1.05469
1.05289
1.05026
1.0476
1.04577
1.04501
1.04532
1.0465
1.04882
1.05317
1.05818
1.06071
1.05923
1.0545
1.04855
1.0441
1.04392
1.04806
1.05337
1.00401
1.00696
1.01004
1.01363
1.01634
1.01625
1.01305
1.00867
1.00504
1.00235
1.00089
1.00224
1.00563
1.0079
1.00833
1.00891
1.01069
1.01255
1.01346
1.01301
1.0113
1.00906
1.00714
1.00649
1.00771
1.01013
1.01355
1.01864
1.02489
1.03006
1.03241
1.03222
1.03049
1.02784
1.02575
1.02576
1.02747
1.02908
1.02891
1.02641
1.02293
1.02046
1.01968
1.01995
1.02089
1.0224
1.02364
1.02348
1.02213
1.02194
1.02505
1.03029
1.03512
1.0386
1.04132
1.04428
1.04828
1.05268
1.05541
1.05509
1.05225
1.04832
1.04435
1.04139
1.04003
1.03899
1.03677
1.03399
1.03294
1.03509
1.04029
1.04712
1.0546
1.06222
1.06807
1.0693
1.06462
1.0555
1.04607
1.04027
1.0389
1.03978
1.04044
1.04027
1.03992
1.04005
1.041
1.04298
1.0461
1.05016
1.05415
1.05617
1.05496
1.05152
1.04827
1.04701
1.04782
1.04982
1.05222
1.05419
1.05472
1.0541
1.05334
1.05201
1.04928
1.04522
1.04013
1.03463
1.03082
1.0313
1.03525
1.03944
1.04253
1.04537
1.04847
1.05108
1.05233
1.05187
1.05023
1.04884
1.04843
1.04868
1.0496
1.05141
1.05406
1.05731
1.06051
1.06282
1.06361
1.06271
1.06068
1.05885
1.05864
1.06044
1.06333
1.06624
1.06917
1.07224
1.07393
1.07327
1.07168
1.07042
1.06948
1.06825
1.0659
1.06404
1.06576
1.06968
1.07259
1.07378
1.07401
1.07376
1.07343
1.07418
1.07738
1.08263
1.08691
1.08699
1.08217
1.07495
1.06859
1.06505
1.06439
1.06594
1.06966
1.07512
1.08159
1.088
1.09276
1.09489
1.09498
1.09478
1.09539
1.09662
1.0979
1.09716
1.09335
1.08871
1.08594
1.08554
1.08706
1.09033
1.09448
1.09818
1.10143
1.10465
1.10659
1.10629
1.10444
1.10191
1.09958
1.09844
1.09833
1.09851
1.0991
1.10024
1.10131
1.10201
1.10259
