1.00023
1.0007
1.00186
1.00351
1.00566
1.00833
1.01156
1.01539
1.01986
1.02499
1.03084
1.03745
1.04485
1.0531
1.06223
1.07222
1.08299
1.09433
1.10577
1.11652
1.12571
1.13334
1.14082
1.14967
1.16009
1.1709
1.18027
1.18734
1.19298
1.1987
1.20558
1.21388
1.22357
1.23493
1.24801
1.26166
1.27387
1.28309
1.28951
1.29551
1.30403
1.31586
1.32917
1.3415
1.35064
1.35737
1.36603
1.37491
1.38119
1.38631
1.39156
1.39657
1.40051
1.40359
1.40667
1.40969
1.41247
1.41688
1.42482
1.43502
1.44424
1.45037
1.4529
1.45192
1.44731
1.43984
1.43223
1.42555
1.42045
1.41797
1.41724
1.41685
1.41645
1.41746
1.42248
1.43296
1.44744
1.46221
1.47425
1.48224
1.48604
1.48689
1.48639
1.48502
1.48211
1.4769
1.46948
1.46102
1.45364
1.44968
1.45006
1.45336
1.45859
1.46564
1.47355
1.48044
1.48442
1.48468
1.4815
1.47615
1.47061
1.46559
1.46065
1.45669
1.45645
1.46066
1.46475
1.46377
1.45822
1.45227
1.44844
1.44731
1.44918
1.45349
1.45839
1.46232
1.4655
1.46867
1.47174
1.47513
1.47914
1.48154
1.48062
1.47801
1.47586
1.47619
1.47894
1.47972
1.47546
1.46758
1.46015
1.45756
1.4609
1.46619
1.46879
1.46815
1.46685
1.46764
1.47129
1.47656
1.4811
1.48312
1.48266
1.48045
1.47813
1.4782
1.48201
1.48778
1.49124
1.4901
1.48611
1.48282
1.48212
1.48316
1.48447
1.48495
1.48404
1.48182
1.47951
1.47984
1.4836
1.48725
1.4877
1.48624
1.48624
1.48818
1.49055
1.49233
1.49213
1.4892
1.48479
1.48086
1.47927
1.48166
1.48676
1.49179
1.49616
1.49915
1.49924
1.49829
1.49955
1.5028
1.50615
1.50781
1.50633
1.50245
1.49933
1.50031
1.50602
1.51289
1.5166
1.51556
1.51033
1.5032
1.49784
1.49765
1.50296
1.50933
1.51329
1.51544
1.51685
1.00198
1.00379
1.00335
1.00283
1.00632
1.0151
1.02531
1.03241
1.03553
1.03641
1.03713
1.03882
1.04131
1.04374
1.0451
1.04469
1.04288
1.0409
1.03922
1.03706
1.03416
1.0322
1.0328
1.03493
1.03686
1.03819
1.03918
1.04033
1.04217
1.04503
1.04837
1.05006
1.04849
1.0445
1.04086
1.04012
1.04165
1.04325
1.04452
1.04594
1.04743
1.04887
1.0508
1.05362
1.0562
1.0569
1.05571
1.05389
1.05281
1.05364
1.05649
1.06019
1.0637
1.06671
1.06923
1.0714
1.07334
1.07514
1.07705
1.07904
1.08017
1.07889
1.07416
1.06668
1.05955
1.05565
1.05472
1.05564
1.05766
1.06024
1.06345
1.06755
1.07229
1.07707
1.08177
1.08657
1.09126
1.0956
1.09979
1.10373
1.1064
1.10669
1.10426
1.09951
1.09309
1.08574
1.07909
1.07595
1.07753
1.08175
1.0858
1.088
1.08811
1.08721
1.08734
1.08996
1.09438
1.09834
1.10004
1.09975
1.09957
1.10111
1.10391
1.10635
1.10737
1.1069
1.10501
1.10146
1.09653
1.0925
1.09194
1.09398
1.096
1.09703
1.09783
1.09916
1.10084
1.10224
1.10306
1.10315
1.10181
1.09881
1.09553
1.09401
1.09508
1.09803
1.10134
1.10409
1.10631
1.10812
1.10934
1.10984
1.10968
1.1083
1.1051
1.10085
1.09713
1.09561
1.09702
1.10023
1.10371
1.10659
1.10809
1.10757
1.10566
1.10405
1.10363
1.10395
1.10456
1.10457
1.10295
1.10024
1.09761
1.09519
1.0929
1.09191
1.09341
1.09614
1.09846
1.10089
1.10414
1.10749
1.10992
1.11088
1.11033
1.10823
1.1043
1.10035
1.09938
1.10049
1.10102
1.10129
1.10243
1.10402
1.10521
1.10579
1.10572
1.10439
1.10207
1.10117
1.10249
1.10399
1.10443
1.10423
1.10425
1.1045
1.10411
1.10248
1.09992
1.09739
1.09553
1.09376
1.09175
1.09089
1.09237
1.09602
1.10122
1.10676
1.11127
1.114
1.00078
0.99969
0.99689
0.993379
0.99056
0.989605
0.990398
0.991518
0.991675
0.9905
0.988871
0.98869
0.990544
0.993091
0.995562
0.99789
0.999627
1.0005
1.00086
1.00073
1
0.99912
0.998396
0.997373
0.995357
0.992558
0.990317
0.990155
0.992698
0.997095
1.00183
1.00618
1.01034
1.01442
1.01828
1.02172
1.02359
1.02218
1.01706
1.00963
1.00255
0.998342
0.997837
1.00012
1.00328
1.00544
1.00547
1.00391
1.00274
1.00304
1.0046
1.00717
1.01045
1.01334
1.01462
1.01438
1.014
1.01475
1.01676
1.0191
1.02063
1.02105
1.02138
1.02267
1.02441
1.02496
1.02328
1.01972
1.01522
1.01077
1.00781
1.00753
1.00888
1.00914
1.0076
1.00713
1.01035
1.01722
1.02605
1.03459
1.04108
1.04437
1.04381
1.03959
1.03363
1.02965
1.03062
1.0356
1.04109
1.04442
1.04463
1.04236
1.03951
1.03802
1.03839
1.03997
1.04243
1.04543
1.04784
1.04846
1.04663
1.04261
1.03731
1.03138
1.02581
1.02296
1.02474
1.03031
1.03711
1.04268
1.0451
1.04418
1.04169
1.03928
1.03658
1.03285
1.0295
1.02897
1.03173
1.03619
1.04045
1.04299
1.04343
1.04323
1.04439
1.04688
1.04909
1.04964
1.04811
1.0452
1.04241
1.04136
1.04332
1.04788
1.05255
1.05511
1.05549
1.05534
1.05631
1.05866
1.06114
1.06238
1.06188
1.05997
1.05688
1.0527
1.04851
1.04669
1.0494
1.05605
1.06292
1.06667
1.06672
1.0648
1.06306
1.06228
1.06158
1.05974
1.05714
1.05635
1.05893
1.06286
1.06547
1.06596
1.06436
1.06085
1.05601
1.05098
1.04754
1.04741
1.05092
1.05695
1.06402
1.07134
1.07829
1.08325
1.08528
1.08494
1.08333
1.08082
1.07722
1.07324
1.07027
1.06759
1.06239
1.0529
1.04096
1.03225
1.03194
1.03937
1.0495
1.05788
1.06256
1.06354
1.0617
1.05836
1.0553
1.05407
1.05469
1.05616
1.00212
1.00482
1.00702
1.00801
1.00818
1.00823
1.00823
1.00762
1.00611
1.00382
1.00127
0.99969
1.00068
1.00438
1.00822
1.00871
1.00473
1.00198
1.00557
1.01028
1.01265
1.01272
1.01125
1.0092
1.0076
1.00671
1.00585
1.00537
1.00674
1.01067
1.0161
1.02091
1.02332
1.02285
1.02053
1.01823
1.01714
1.01669
1.01577
1.01548
1.01632
1.01623
1.01439
1.01195
1.01102
1.01187
1.01228
1.01126
1.00972
1.00857
1.00795
1.0075
1.00706
1.00672
1.00607
1.00382
0.999181
0.993267
0.988249
0.986025
0.987101
0.989823
0.991738
0.991943
0.991972
0.993745
0.997559
1.00199
1.00518
1.00645
1.00609
1.00549
1.00725
1.01199
1.01699
1.01946
1.01864
1.01552
1.01225
1.0108
1.01098
1.01101
1.00997
1.0081
1.00569
1.00295
1.00067
1.00005
1.00131
1.00331
1.00483
1.00543
1.00519
1.00436
1.0034
1.00253
1.00171
1.00144
1.00221
1.00325
1.00321
1.00212
1.0027
1.00672
1.01183
1.01496
1.01493
1.0125
1.00967
1.00837
1.00922
1.01158
1.01421
1.01579
1.01547
1.01293
1.00829
1.00252
0.998416
0.99853
1.0015
1.00422
1.0056
1.00591
1.00491
1.00203
0.998077
0.995206
0.995806
1.00155
1.01005
1.01621
1.01797
1.01728
1.01716
1.01837
1.01908
1.01788
1.01533
1.01264
1.01028
1.00895
1.01025
1.01475
1.02215
1.03166
1.04079
1.04664
1.04798
1.04532
1.0405
1.0359
1.03246
1.02937
1.02623
1.02483
1.02653
1.03006
1.03379
1.03655
1.03739
1.0363
1.03484
1.03543
1.03891
1.04293
1.04469
1.04426
1.04399
1.04589
1.0501
1.05528
1.05944
1.06108
1.06068
1.05969
1.05849
1.05577
1.051
1.04731
1.0463
1.04481
1.04227
1.04021
1.03956
1.04064
1.04299
1.04573
1.04852
1.05161
1.05466
1.05622
1.05537
1.05275
1.04956
1.0467
1.04463
1.04373
1.04414
1.04566
1.00253
1.00551
1.00742
1.007
1.00421
1.00036
0.996805
0.993943
0.992091
0.991463
0.991414
0.990921
0.990014
0.989435
0.989955
0.992469
0.996618
1.00016
1.00128
1.00043
0.999239
0.998319
0.997069
0.995404
0.992959
0.988372
0.982454
0.979282
0.981847
0.989065
0.996349
0.999184
0.996982
0.992482
0.989242
0.988885
0.990819
0.994205
0.998642
1.0037
1.00858
1.01241
1.01455
1.01424
1.01069
1.00441
0.997836
0.992966
0.990033
0.989175
0.990565
0.993416
0.996124
0.997552
0.997897
0.998376
1.00006
1.00253
1.00416
1.00383
1.00209
1.00063
1.00042
1.00112
1.00192
1.00206
1.00101
0.998464
0.994769
0.991165
0.989058
0.988881
0.989782
0.990245
0.98908
0.985761
0.98068
0.975534
0.972417
0.971929
0.972623
0.972792
0.97247
0.973094
0.975019
0.977114
0.979406
0.98276
0.986594
0.989149
0.989291
0.988653
0.989686
0.990566
0.98933
0.986545
0.982795
0.978392
0.974254
0.971249
0.969311
0.968325
0.968972
0.971552
0.974808
0.977276
0.978744
0.979699
0.979869
0.979261
0.980787
0.986856
0.994289
0.998876
0.99959
0.997409
0.993284
0.988294
0.98427
0.982567
0.982897
0.983872
0.984518
0.984634
0.98406
0.982674
0.980874
0.979582
0.979971
0.982718
0.98671
0.989796
0.991351
0.993066
0.996477
1.00087
1.00456
1.00621
1.00451
0.99916
0.992579
0.988579
0.9887
0.991292
0.993929
0.995299
0.995153
0.993587
0.990831
0.98765
0.985751
0.986672
0.990341
0.995287
0.999573
1.00182
1.00131
0.99823
0.99431
0.991466
0.990004
0.989558
0.990009
0.991728
0.995081
0.998706
1.00034
1.0011
1.00506
1.01111
1.0157
1.01839
1.0203
1.02227
1.02417
1.0252
1.02462
1.02262
1.02035
1.01814
1.01515
1.01154
1.00906
1.0093
1.01253
1.01793
1.02381
1.02799
1.02901
1.02691
1.02279
1.01773
1.01324
1.01158
1.01325
1.01619
1.01813
1.01805
1.01652
