1.00023
1.0007
1.00186
1.00351
1.00566
1.00833
1.01156
1.01539
1.01986
1.02499
1.03084
1.03745
1.04485
1.0531
1.06223
1.07222
1.08299
1.09433
1.10577
1.11652
1.12571
1.13334
1.14082
1.14967
1.16009
1.1709
1.18027
1.18734
1.19297
1.19869
1.20557
1.21386
1.22352
1.23485
1.24788
1.26145
1.27357
1.28266
1.28891
1.2947
1.30297
1.31449
1.32746
1.33938
1.34806
1.35429
1.36238
1.37065
1.37622
1.38054
1.3849
1.3889
1.39174
1.39362
1.39545
1.39714
1.39833
1.40072
1.40623
1.41393
1.4209
1.42508
1.42601
1.42403
1.41938
1.41298
1.40754
1.40294
1.39628
1.38801
1.38033
1.3741
1.36948
1.36696
1.36779
1.37261
1.37999
1.38752
1.39357
1.39723
1.39782
1.39568
1.3919
1.38704
1.38077
1.37278
1.36341
1.35335
1.34364
1.33583
1.33122
1.32931
1.32855
1.32828
1.32844
1.32864
1.3278
1.32478
1.31937
1.31242
1.30501
159684
638802
638814
638852
638852
638851
1.82893e+06
5.39392e+06
5.39392e+06
5.39392e+06
5.39392e+06
5.39392e+06
5.39392e+06
5.39392e+06
5.39392e+06
5.39392e+06
5.39392e+06
5.39392e+06
5.39393e+06
5.39488e+06
5.39777e+06
5.39777e+06
5.39777e+06
5.39778e+06
5.39926e+06
5.40374e+06
5.40374e+06
5.40374e+06
5.40374e+06
5.40374e+06
5.40374e+06
5.40374e+06
5.40723e+06
5.41775e+06
5.41775e+06
5.41775e+06
5.41775e+06
5.41775e+06
5.41779e+06
5.41792e+06
5.41792e+06
5.41792e+06
5.41792e+06
5.41792e+06
5.41792e+06
5.41792e+06
5.41792e+06
5.41792e+06
5.41792e+06
5.43112e+06
5.47086e+06
5.47086e+06
5.47086e+06
5.47086e+06
5.47086e+06
5.47086e+06
5.47086e+06
5.47086e+06
5.47086e+06
5.47086e+06
5.47086e+06
5.47086e+06
5.47086e+06
5.47086e+06
2.16919e+18
8.67677e+18
8.67677e+18
8.67677e+18
8.67677e+18
8.67677e+18
8.67677e+18
8.67677e+18
8.67677e+18
8.67677e+18
8.67677e+18
8.67677e+18
8.67677e+18
8.67677e+18
8.67677e+18
8.67677e+18
8.67677e+18
8.67677e+18
8.67677e+18
8.67677e+18
8.67677e+18
8.67677e+18
8.67677e+18
8.67677e+18
8.67677e+18
8.67677e+18
8.67677e+18
8.67677e+18
8.67677e+18
8.67677e+18
8.67677e+18
8.67677e+18
8.67677e+18
8.67677e+18
8.67677e+18
8.67677e+18
1.30187e+10
5.20749e+10
5.20785e+10
5.20874e+10
5.20874e+10
5.21003e+10
5.21388e+10
5.21388e+10
5.21388e+10
5.21388e+10
5.21388e+10
5.21388e+10
5.21388e+10
5.21388e+10
5.21388e+10
5.21388e+10
5.21388e+10
5.21388e+10
5.21392e+10
5.21402e+10
5.21402e+10
5.21402e+10
5.21402e+10
5.21402e+10
5.21402e+10
5.21402e+10
5.21403e+10
5.21403e+10
5.21403e+10
8.30391e+10
1.75745e+11
1.75745e+11
1.75745e+11
1.75745e+11
1.75745e+11
1.75745e+11
1.75745e+11
1.75745e+11
1.75745e+11
1.75745e+11
1.75745e+11
1.75745e+11
1.75745e+11
1.75745e+11
1.75745e+11
1.75745e+11
1.75745e+11
1.75745e+11
1.75745e+11
1.75745e+11
1.75745e+11
1.75745e+11
1.75745e+11
1.75746e+11
1.75747e+11
1.75747e+11
1.75747e+11
1.75747e+11
1.75747e+11
1.75747e+11
1.75747e+11
1.75747e+11
1.75747e+11
1.75747e+11
1.75747e+11
1.75747e+11
1.75748e+11
1.75748e+11
1.75748e+11
1.75748e+11
1.75748e+11
1.75748e+11
1.75748e+11
1.75748e+11
1.75748e+11
1.75748e+11
1.75748e+11
1.75748e+11
1.75748e+11
1.75748e+11
1.75748e+11
1.75748e+11
1.75748e+11
1.75748e+11
1.75748e+11
1.75749e+11
1.75749e+11
1.75749e+11
1.98509e+11
2.66792e+11
2.66792e+11
2.66792e+11
2.66792e+11
2.66795e+11
2.66804e+11
2.66804e+11
2.66804e+11
2.66804e+11
2.66804e+11
2.66804e+11
1.24264e+13
4.8905e+13
4.89051e+13
4.89051e+13
4.89051e+13
4.89051e+13
4.89051e+13
4.89051e+13
4.89051e+13
4.89051e+13
4.89051e+13
4.89051e+13
4.89051e+13
4.89051e+13
4.89051e+13
4.89051e+13
4.89051e+13
4.89051e+13
4.89051e+13
4.89051e+13
4.89051e+13
4.90998e+13
4.9684e+13
4.96841e+13
4.96844e+13
4.96844e+13
4.96844e+13
4.96844e+13
4.96844e+13
4.96844e+13
4.96844e+13
4.96844e+13
4.96844e+13
4.96844e+13
4.96844e+13
4.96844e+13
4.96844e+13
4.96844e+13
4.96844e+13
7.73833e+17
3.09518e+18
3.09518e+18
3.09518e+18
3.09518e+18
3.09518e+18
3.09518e+18
3.09518e+18
3.09518e+18
3.09518e+18
3.09519e+18
3.09521e+18
3.09521e+18
3.09521e+18
3.09521e+18
3.09521e+18
3.09521e+18
3.09521e+18
3.09521e+18
3.09521e+18
3.09521e+18
3.09521e+18
3.09521e+18
3.09521e+18
3.09521e+18
3.09521e+18
3.09521e+18
3.09521e+18
3.09521e+18
3.09521e+18
3.09521e+18
3.09521e+18
3.09521e+18
3.09521e+18
3.09521e+18
3.09521e+18
3.09521e+18
3.09521e+18
3.09521e+18
3.09521e+18
3.09521e+18
3.09521e+18
3.09521e+18
3.09521e+18
3.09521e+18
3.09521e+18
3.09521e+18
3.09521e+18
3.09521e+18
3.09521e+18
3.09521e+18
3.09521e+18
3.09521e+18
3.09521e+18
3.09521e+18
3.09521e+18
3.09521e+18
3.09521e+18
3.09521e+18
3.09521e+18
3.09521e+18
1.44661e+14
5.78646e+14
5.79859e+14
5.835e+14
5.835e+14
5.835e+14
5.835e+14
5.835e+14
5.835e+14
5.83501e+14
5.83501e+14
5.83501e+14
5.83501e+14
5.83501e+14
5.83501e+14
5.83501e+14
5.83503e+14
5.83503e+14
5.83503e+14
5.83503e+14
5.83503e+14
5.83512e+14
5.83539e+14
6.57208e+14
8.78214e+14
8.78214e+14
8.78214e+14
8.78214e+14
8.78214e+14
8.78214e+14
2.37872e+19
9.5146e+19
9.5146e+19
9.5146e+19
9.5146e+19
9.5146e+19
9.5146e+19
9.5146e+19
9.5146e+19
9.5146e+19
9.5146e+19
9.5146e+19
9.5146e+19
9.5146e+19
9.5146e+19
9.5146e+19
9.5146e+19
9.5146e+19
9.5146e+19
9.5146e+19
9.5146e+19
9.5146e+19
9.5146e+19
9.5146e+19
9.5146e+19
9.5146e+19
9.5146e+19
9.5146e+19
9.5146e+19
9.5146e+19
9.5146e+19
9.5146e+19
9.5146e+19
9.5146e+19
9.5146e+19
9.5146e+19
9.5146e+19
9.5146e+19
9.5146e+19
9.5146e+19
9.5146e+19
9.5146e+19
9.5146e+19
9.5146e+19
9.5146e+19
9.5146e+19
9.5146e+19
9.5146e+19
9.5146e+19
9.5146e+19
9.5146e+19
9.5146e+19
9.5146e+19
9.5146e+19
9.5146e+19
9.5146e+19
9.5146e+19
9.5146e+19
9.5146e+19
9.5146e+19
9.5146e+19
9.5146e+19
9.5146e+19
9.5146e+19
9.5146e+19
9.5146e+19
9.5146e+19
9.5146e+19
9.5146e+19
9.5146e+19
9.51461e+19
9.51462e+19
9.51462e+19
9.51462e+19
9.51479e+19
9.5153e+19
9.5153e+19
9.5153e+19
9.5153e+19
9.5153e+19
9.5153e+19
9.5153e+19
9.5153e+19
9.5153e+19
9.5153e+19
9.5153e+19
9.5153e+19
9.5153e+19
9.5153e+19
9.5153e+19
9.5153e+19
9.5153e+19
9.5153e+19
9.5153e+19
9.5153e+19
9.5153e+19
9.5153e+19
9.5153e+19
9.5153e+19
9.5153e+19
9.5153e+19
9.5153e+19
9.5153e+19
9.5153e+19
9.5153e+19
9.5153e+19
9.5153e+19
9.5153e+19
9.5153e+19
9.5153e+19
9.5153e+19
9.5153e+19
9.5153e+19
9.5206e+19
9.53652e+19
9.53652e+19
9.53652e+19
9.53652e+19
9.53652e+19
9.53652e+19
9.53652e+19
9.53652e+19
9.53652e+19
9.53652e+19
9.53652e+19
9.53652e+19
9.53652e+19
9.53652e+19
9.53652e+19
9.53652e+19
9.53652e+19
9.53652e+19
9.53652e+19
9.53652e+19
9.53652e+19
9.53652e+19
9.53652e+19
9.53652e+19
9.53652e+19
9.53652e+19
9.53652e+19
9.53652e+19
9.53652e+19
9.53652e+19
9.53652e+19
9.53652e+19
9.53673e+19
9.53736e+19
9.53736e+19
9.53736e+19
9.53736e+19
9.53736e+19
9.53736e+19
9.53736e+19
9.53736e+19
9.53736e+19
9.53736e+19
9.53736e+19
9.53736e+19
9.53736e+19
9.53736e+19
9.53736e+19
9.53736e+19
9.53736e+19
9.53736e+19
9.53736e+19
9.53736e+19
9.53736e+19
9.53736e+19
9.53736e+19
7.19051e+16
1.2031e+20
4.80378e+20
4.80378e+20
4.80378e+20
4.80378e+20
4.80378e+20
4.80378e+20
4.80378e+20
4.80378e+20
4.80378e+20
4.80378e+20
4.80378e+20
4.80378e+20
4.80378e+20
4.80378e+20
4.80378e+20
4.80378e+20
4.80378e+20
4.80378e+20
4.80378e+20
4.80378e+20
4.80378e+20
4.80378e+20
4.80378e+20
4.80378e+20
4.80378e+20
4.80378e+20
4.80378e+20
4.80378e+20
4.80378e+20
4.80378e+20
4.80378e+20
4.80378e+20
4.80378e+20
4.80378e+20
4.80378e+20
4.80378e+20
4.80378e+20
4.80378e+20
4.80378e+20
4.80378e+20
4.80378e+20
4.80378e+20
4.80378e+20
4.80378e+20
4.80378e+20
4.80378e+20
4.80378e+20
4.80378e+20
4.80378e+20
4.80378e+20
4.80378e+20
4.80378e+20
4.80378e+20
4.80378e+20
4.80378e+20
4.80378e+20
4.80378e+20
4.80378e+20
4.80378e+20
4.80378e+20
4.80378e+20
4.80378e+20
4.80378e+20
4.80378e+20
4.80378e+20
4.80378e+20
4.80378e+20
4.80378e+20
4.80378e+20
4.80378e+20
4.80378e+20
4.80378e+20
4.80378e+20
4.80378e+20
4.80378e+20
4.80378e+20
4.80378e+20
4.80378e+20
4.80378e+20
4.80378e+20
4.80378e+20
4.80378e+20
4.80378e+20
4.80378e+20
4.80378e+20
4.80378e+20
4.80378e+20
4.80378e+20
4.80378e+20
4.80378e+20
4.80378e+20
4.80378e+20
4.80378e+20
4.80378e+20
4.80378e+20
4.80378e+20
4.80378e+20
4.80378e+20
4.80378e+20
4.80378e+20
4.80378e+20
4.80378e+20
4.80378e+20
4.80378e+20
4.80378e+20
4.80378e+20
4.80378e+20
4.80378e+20
4.80378e+20
4.80378e+20
4.80378e+20
4.80378e+20
4.80378e+20
4.80378e+20
4.80378e+20
4.80378e+20
4.80378e+20
4.80378e+20
4.80378e+20
4.80378e+20
4.80378e+20
4.80378e+20
4.80378e+20
4.80378e+20
4.80378e+20
4.80378e+20
4.80378e+20
4.80378e+20
4.80378e+20
4.80378e+20
4.80378e+20
4.80378e+20
4.80378e+20
4.80378e+20
4.80378e+20
4.80382e+20
4.80394e+20
4.80394e+20
4.80394e+20
4.80394e+20
4.80394e+20
4.80394e+20
4.80394e+20
4.80394e+20
4.80394e+20
4.80394e+20
4.80394e+20
4.80394e+20
4.80394e+20
4.80394e+20
4.80394e+20
4.80394e+20
4.80394e+20
4.80394e+20
4.80394e+20
4.80394e+20
4.80394e+20
4.80394e+20
4.80394e+20
4.80394e+20
4.80394e+20
4.80394e+20
4.80394e+20
4.80395e+20
4.80396e+20
4.80396e+20
4.80396e+20
4.80396e+20
4.80396e+20
4.80396e+20
4.80396e+20
4.80396e+20
4.80396e+20
4.80396e+20
4.80396e+20
4.80396e+20
4.80396e+20
4.80396e+20
4.80396e+20
4.80396e+20
4.80396e+20
4.80396e+20
4.80396e+20
4.80396e+20
4.80396e+20
4.80396e+20
4.80396e+20
4.80396e+20
5.19795e+22
2.06477e+23
2.06477e+23
2.06477e+23
2.06477e+23
2.06477e+23
2.06477e+23
2.06477e+23
2.06477e+23
2.06477e+23
5.0529e+16
2.02116e+17
2.02116e+17
2.02116e+17
2.02116e+17
2.02116e+17
2.02116e+17
2.02116e+17
2.02116e+17
2.02116e+17
2.02116e+17
2.02116e+17
2.02116e+17
2.02116e+17
2.02116e+17
2.02116e+17
2.02116e+17
2.02116e+17
2.02116e+17
2.02116e+17
2.02116e+17
2.02116e+17
2.02116e+17
2.02116e+17
2.02116e+17
2.02116e+17
2.02116e+17
2.02116e+17
2.02116e+17
2.02116e+17
2.02116e+17
2.02116e+17
2.02116e+17
2.02116e+17
2.02116e+17
2.02116e+17
2.02116e+17
2.02116e+17
2.02116e+17
2.02116e+17
2.02116e+17
2.02116e+17
2.02116e+17
2.02116e+17
2.02116e+17
2.02116e+17
2.02116e+17
2.02116e+17
2.02116e+17
2.02116e+17
2.02116e+17
2.02116e+17
2.02116e+17
2.02116e+17
2.02116e+17
2.02116e+17
2.02116e+17
2.02116e+17
2.02116e+17
2.02116e+17
2.02116e+17
2.02116e+17
2.02116e+17
2.02116e+17
2.02116e+17
2.02116e+17
2.02116e+17
2.02116e+17
2.02116e+17
2.02116e+17
2.02116e+17
2.02116e+17
2.02116e+17
2.02116e+17
2.02116e+17
2.02116e+17
2.02116e+17
2.02116e+17
2.02116e+17
2.02116e+17
2.02116e+17
2.02116e+17
2.02116e+17
2.02116e+17
2.02116e+17
2.02116e+17
2.02116e+17
2.02116e+17
2.02116e+17
2.02116e+17
2.02116e+17
2.02116e+17
2.02116e+17
2.02116e+17
2.02116e+17
2.02116e+17
2.02116e+17
2.02116e+17
2.02116e+17
2.02116e+17
2.02615e+17
2.04112e+17
2.04112e+17
2.04112e+17
2.04112e+17
2.04112e+17
2.04112e+17
2.04112e+17
2.04112e+17
2.04112e+17
2.04112e+17
2.04112e+17
2.04112e+17
2.04112e+17
2.04476e+17
2.05567e+17
2.05567e+17
2.05567e+17
2.05567e+17
2.05567e+17
2.05567e+17
2.05567e+17
2.05567e+17
2.05567e+17
2.05567e+17
2.05567e+17
2.05567e+17
2.05567e+17
2.05567e+17
2.05567e+17
2.05567e+17
2.05567e+17
2.05567e+17
2.05567e+17
2.05567e+17
2.05567e+17
2.05567e+17
2.05567e+17
2.05567e+17
2.05567e+17
2.05567e+17
2.05567e+17
2.05567e+17
2.05567e+17
2.05567e+17
2.05567e+17
2.05567e+17
2.05567e+17
2.05567e+17
2.05567e+17
2.05567e+17
2.05567e+17
2.05567e+17
2.05567e+17
2.05567e+17
2.05567e+17
2.05567e+17
2.05567e+17
2.05567e+17
2.05567e+17
2.05567e+17
2.05567e+17
2.05567e+17
2.05567e+17
2.05567e+17
2.05567e+17
2.05567e+17
2.05567e+17
2.05567e+17
2.05567e+17
2.05567e+17
2.05567e+17
2.05567e+17
2.05567e+17
2.05567e+17
2.05567e+17
2.05567e+17
2.05567e+17
2.05567e+17
2.05567e+17
2.05567e+17
2.05567e+17
2.05567e+17
2.05567e+17
2.05567e+17
2.05567e+17
2.05567e+17
2.05567e+17
2.05567e+17
2.05567e+17
2.05567e+17
2.05567e+17
2.05567e+17
2.05567e+17
2.05567e+17
2.05567e+17
2.05567e+17
2.05567e+17
2.05567e+17
