X Y Survivors
-50 -50 2
-50 -48 2
-50 -46 2
-50 -44 2
-50 -42 2
-50 -40 2
-50 -38 2
-50 -36 2
-50 -34 2
-50 -32 2
-50 -30 2
-50 -28 2
-50 -26 2
-50 -24 2
-50 -22 2
-50 -20 2
-50 -18 2
-50 -16 2
-50 -14 2
-50 -12 2
-50 -10 2
-50 -8 2
-50 -6 2
-50 -4 2
-50 -2 2
-50 0 2
-50 2 1
-50 4 1
-50 6 1
-50 8 1
-50 10 1
-50 12 1
-50 14 1
-50 16 1
-50 18 1
-50 20 1
-50 22 1
-50 24 1
-50 26 1
-50 28 1
-50 30 1
-50 32 1
-50 34 1
-50 36 1
-50 38 1
-50 40 1
-50 42 1
-50 44 1
-50 46 1
-50 48 1
-50 50 1
-48 -50 2
-48 -48 2
-48 -46 2
-48 -44 2
-48 -42 2
-48 -40 2
-48 -38 2
-48 -36 2
-48 -34 2
-48 -32 2
-48 -30 2
-48 -28 2
-48 -26 2
-48 -24 2
-48 -22 2
-48 -20 2
-48 -18 2
-48 -16 2
-48 -14 2
-48 -12 2
-48 -10 2
-48 -8 2
-48 -6 2
-48 -4 2
-48 -2 2
-48 0 2
-48 2 1
-48 4 1
-48 6 1
-48 8 1
-48 10 1
-48 12 1
-48 14 1
-48 16 1
-48 18 1
-48 20 1
-48 22 1
-48 24 1
-48 26 1
-48 28 1
-48 30 1
-48 32 1
-48 34 1
-48 36 1
-48 38 1
-48 40 1
-48 42 1
-48 44 1
-48 46 1
-48 48 1
-48 50 1
-46 -50 2
-46 -48 2
-46 -46 2
-46 -44 2
-46 -42 2
-46 -40 2
-46 -38 2
-46 -36 2
-46 -34 2
-46 -32 2
-46 -30 2
-46 -28 2
-46 -26 2
-46 -24 2
-46 -22 2
-46 -20 2
-46 -18 2
-46 -16 2
-46 -14 2
-46 -12 2
-46 -10 2
-46 -8 2
-46 -6 2
-46 -4 2
-46 -2 2
-46 0 2
-46 2 1
-46 4 1
-46 6 1
-46 8 1
-46 10 1
-46 12 1
-46 14 1
-46 16 1
-46 18 1
-46 20 1
-46 22 1
-46 24 1
-46 26 1
-46 28 1
-46 30 1
-46 32 1
-46 34 1
-46 36 1
-46 38 1
-46 40 1
-46 42 1
-46 44 1
-46 46 1
-46 48 1
-46 50 1
-44 -50 2
-44 -48 2
-44 -46 2
-44 -44 2
-44 -42 2
-44 -40 2
-44 -38 2
-44 -36 2
-44 -34 2
-44 -32 2
-44 -30 2
-44 -28 2
-44 -26 2
-44 -24 2
-44 -22 2
-44 -20 2
-44 -18 2
-44 -16 2
-44 -14 2
-44 -12 2
-44 -10 2
-44 -8 2
-44 -6 2
-44 -4 2
-44 -2 2
-44 0 2
-44 2 1
-44 4 1
-44 6 1
-44 8 1
-44 10 1
-44 12 1
-44 14 1
-44 16 1
-44 18 1
-44 20 1
-44 22 1
-44 24 1
-44 26 1
-44 28 1
-44 30 1
-44 32 1
-44 34 1
-44 36 1
-44 38 1
-44 40 1
-44 42 1
-44 44 1
-44 46 1
-44 48 1
-44 50 1
-42 -50 2
-42 -48 2
-42 -46 2
-42 -44 2
-42 -42 2
-42 -40 2
-42 -38 2
-42 -36 2
-42 -34 2
-42 -32 2
-42 -30 2
-42 -28 2
-42 -26 2
-42 -24 2
-42 -22 2
-42 -20 2
-42 -18 2
-42 -16 2
-42 -14 2
-42 -12 2
-42 -10 2
-42 -8 2
-42 -6 2
-42 -4 2
-42 -2 2
-42 0 2
-42 2 1
-42 4 1
-42 6 1
-42 8 1
-42 10 1
-42 12 1
-42 14 1
-42 16 1
-42 18 1
-42 20 1
-42 22 1
-42 24 1
-42 26 1
-42 28 1
-42 30 1
-42 32 1
-42 34 1
-42 36 1
-42 38 1
-42 40 1
-42 42 1
-42 44 1
-42 46 1
-42 48 1
-42 50 1
-40 -50 2
-40 -48 2
-40 -46 2
-40 -44 2
-40 -42 2
-40 -40 2
-40 -38 2
-40 -36 2
-40 -34 2
-40 -32 2
-40 -30 2
-40 -28 2
-40 -26 2
-40 -24 2
-40 -22 2
-40 -20 2
-40 -18 2
-40 -16 2
-40 -14 2
-40 -12 2
-40 -10 2
-40 -8 2
-40 -6 2
-40 -4 2
-40 -2 2
-40 0 2
-40 2 1
-40 4 1
-40 6 1
-40 8 1
-40 10 1
-40 12 1
-40 14 1
-40 16 1
-40 18 1
-40 20 1
-40 22 1
-40 24 1
-40 26 1
-40 28 1
-40 30 1
-40 32 1
-40 34 1
-40 36 1
-40 38 1
-40 40 1
-40 42 1
-40 44 1
-40 46 1
-40 48 1
-40 50 1
-38 -50 2
-38 -48 2
-38 -46 2
-38 -44 2
-38 -42 2
-38 -40 2
-38 -38 2
-38 -36 2
-38 -34 2
-38 -32 2
-38 -30 2
-38 -28 2
-38 -26 2
-38 -24 2
-38 -22 2
-38 -20 2
-38 -18 2
-38 -16 2
-38 -14 2
-38 -12 2
-38 -10 2
-38 -8 2
-38 -6 2
-38 -4 2
-38 -2 2
-38 0 2
-38 2 1
-38 4 1
-38 6 1
-38 8 1
-38 10 1
-38 12 1
-38 14 1
-38 16 1
-38 18 1
-38 20 1
-38 22 1
-38 24 1
-38 26 1
-38 28 1
-38 30 1
-38 32 1
-38 34 1
-38 36 1
-38 38 1
-38 40 1
-38 42 1
-38 44 1
-38 46 1
-38 48 1
-38 50 1
-36 -50 2
-36 -48 2
-36 -46 2
-36 -44 2
-36 -42 2
-36 -40 2
-36 -38 2
-36 -36 2
-36 -34 2
-36 -32 2
-36 -30 2
-36 -28 2
-36 -26 2
-36 -24 2
-36 -22 2
-36 -20 2
-36 -18 2
-36 -16 2
-36 -14 2
-36 -12 2
-36 -10 2
-36 -8 2
-36 -6 2
-36 -4 2
-36 -2 2
-36 0 2
-36 2 1
-36 4 1
-36 6 1
-36 8 1
-36 10 1
-36 12 1
-36 14 1
-36 16 1
-36 18 1
-36 20 1
-36 22 1
-36 24 1
-36 26 1
-36 28 1
-36 30 1
-36 32 1
-36 34 1
-36 36 1
-36 38 1
-36 40 1
-36 42 1
-36 44 1
-36 46 1
-36 48 1
-36 50 1
-34 -50 2
-34 -48 2
-34 -46 2
-34 -44 2
-34 -42 2
-34 -40 2
-34 -38 2
-34 -36 2
-34 -34 2
-34 -32 2
-34 -30 2
-34 -28 2
-34 -26 2
-34 -24 2
-34 -22 2
-34 -20 2
-34 -18 2
-34 -16 2
-34 -14 2
-34 -12 2
-34 -10 2
-34 -8 2
-34 -6 2
-34 -4 2
-34 -2 2
-34 0 2
-34 2 1
-34 4 1
-34 6 1
-34 8 1
-34 10 1
-34 12 1
-34 14 1
-34 16 1
-34 18 1
-34 20 1
-34 22 1
-34 24 1
-34 26 1
-34 28 1
-34 30 1
-34 32 1
-34 34 1
-34 36 1
-34 38 1
-34 40 1
-34 42 1
-34 44 1
-34 46 1
-34 48 1
-34 50 1
-32 -50 2
-32 -48 2
-32 -46 2
-32 -44 2
-32 -42 2
-32 -40 2
-32 -38 2
-32 -36 2
-32 -34 2
-32 -32 2
-32 -30 2
-32 -28 2
-32 -26 2
-32 -24 2
-32 -22 2
-32 -20 2
-32 -18 2
-32 -16 2
-32 -14 2
-32 -12 2
-32 -10 2
-32 -8 2
-32 -6 2
-32 -4 2
-32 -2 2
-32 0 2
-32 2 1
-32 4 1
-32 6 1
-32 8 1
-32 10 1
-32 12 1
-32 14 1
-32 16 1
-32 18 1
-32 20 1
-32 22 1
-32 24 1
-32 26 1
-32 28 1
-32 30 1
-32 32 1
-32 34 1
-32 36 1
-32 38 1
-32 40 1
-32 42 1
-32 44 1
-32 46 1
-32 48 1
-32 50 1
-30 -50 2
-30 -48 2
-30 -46 2
-30 -44 2
-30 -42 2
-30 -40 2
-30 -38 2
-30 -36 2
-30 -34 2
-30 -32 2
-30 -30 2
-30 -28 2
-30 -26 2
-30 -24 2
-30 -22 2
-30 -20 2
-30 -18 2
-30 -16 2
-30 -14 2
-30 -12 2
-30 -10 2
-30 -8 2
-30 -6 2
-30 -4 2
-30 -2 2
-30 0 2
-30 2 1
-30 4 1
-30 6 1
-30 8 1
-30 10 1
-30 12 1
-30 14 1
-30 16 1
-30 18 1
-30 20 1
-30 22 1
-30 24 1
-30 26 1
-30 28 1
-30 30 1
-30 32 1
-30 34 1
-30 36 1
-30 38 1
-30 40 1
-30 42 1
-30 44 1
-30 46 1
-30 48 1
-30 50 1
-28 -50 2
-28 -48 2
-28 -46 2
-28 -44 2
-28 -42 2
-28 -40 2
-28 -38 2
-28 -36 2
-28 -34 2
-28 -32 2
-28 -30 2
-28 -28 2
-28 -26 2
-28 -24 2
-28 -22 2
-28 -20 2
-28 -18 2
-28 -16 2
-28 -14 2
-28 -12 2
-28 -10 2
-28 -8 2
-28 -6 2
-28 -4 2
-28 -2 2
-28 0 2
-28 2 1
-28 4 1
-28 6 1
-28 8 1
-28 10 1
-28 12 1
-28 14 1
-28 16 1
-28 18 1
-28 20 1
-28 22 1
-28 24 1
-28 26 1
-28 28 1
-28 30 1
-28 32 1
-28 34 1
-28 36 1
-28 38 1
-28 40 1
-28 42 1
-28 44 1
-28 46 1
-28 48 1
-28 50 1
-26 -50 2
-26 -48 2
-26 -46 2
-26 -44 2
-26 -42 2
-26 -40 2
-26 -38 2
-26 -36 2
-26 -34 2
-26 -32 2
-26 -30 2
-26 -28 2
-26 -26 2
-26 -24 2
-26 -22 2
-26 -20 2
-26 -18 2
-26 -16 2
-26 -14 2
-26 -12 2
-26 -10 2
-26 -8 2
-26 -6 2
-26 -4 2
-26 -2 2
-26 0 2
-26 2 1
-26 4 1
-26 6 1
-26 8 1
-26 10 1
-26 12 1
-26 14 1
-26 16 1
-26 18 1
-26 20 1
-26 22 1
-26 24 1
-26 26 1
-26 28 1
-26 30 1
-26 32 1
-26 34 1
-26 36 1
-26 38 1
-26 40 1
-26 42 1
-26 44 1
-26 46 1
-26 48 1
-26 50 1
-24 -50 2
-24 -48 2
-24 -46 2
-24 -44 2
-24 -42 2
-24 -40 2
-24 -38 2
-24 -36 2
-24 -34 2
-24 -32 2
-24 -30 2
-24 -28 2
-24 -26 2
-24 -24 2
-24 -22 2
-24 -20 2
-24 -18 2
-24 -16 2
-24 -14 2
-24 -12 2
-24 -10 2
-24 -8 2
-24 -6 2
-24 -4 2
-24 -2 2
-24 0 2
-24 2 1
-24 4 1
-24 6 1
-24 8 1
-24 10 1
-24 12 1
-24 14 1
-24 16 1
-24 18 1
-24 20 1
-24 22 1
-24 24 1
-24 26 1
-24 28 1
-24 30 1
-24 32 1
-24 34 1
-24 36 1
-24 38 1
-24 40 1
-24 42 1
-24 44 1
-24 46 1
-24 48 1
-24 50 1
-22 -50 2
-22 -48 2
-22 -46 2
-22 -44 2
-22 -42 2
-22 -40 2
-22 -38 2
-22 -36 2
-22 -34 2
-22 -32 2
-22 -30 2
-22 -28 2
-22 -26 2
-22 -24 2
-22 -22 2
-22 -20 2
-22 -18 2
-22 -16 2
-22 -14 2
-22 -12 2
-22 -10 2
-22 -8 2
-22 -6 2
-22 -4 2
-22 -2 2
-22 0 2
-22 2 1
-22 4 1
-22 6 1
-22 8 1
-22 10 1
-22 12 1
-22 14 1
-22 16 1
-22 18 1
-22 20 1
-22 22 1
-22 24 1
-22 26 1
-22 28 1
-22 30 1
-22 32 1
-22 34 1
-22 36 1
-22 38 1
-22 40 1
-22 42 1
-22 44 1
-22 46 1
-22 48 1
-22 50 1
-20 -50 2
-20 -48 2
-20 -46 2
-20 -44 2
-20 -42 2
-20 -40 2
-20 -38 2
-20 -36 2
-20 -34 2
-20 -32 2
-20 -30 2
-20 -28 2
-20 -26 2
-20 -24 2
-20 -22 2
-20 -20 2
-20 -18 2
-20 -16 2
-20 -14 2
-20 -12 2
-20 -10 2
-20 -8 2
-20 -6 2
-20 -4 2
-20 -2 2
-20 0 2
-20 2 1
-20 4 1
-20 6 1
-20 8 1
-20 10 1
-20 12 1
-20 14 1
-20 16 1
-20 18 1
-20 20 1
-20 22 1
-20 24 1
-20 26 1
-20 28 1
-20 30 1
-20 32 1
-20 34 1
-20 36 1
-20 38 1
-20 40 1
-20 42 1
-20 44 1
-20 46 1
-20 48 1
-20 50 1
-18 -50 2
-18 -48 2
-18 -46 2
-18 -44 2
-18 -42 2
-18 -40 2
-18 -38 2
-18 -36 2
-18 -34 2
-18 -32 2
-18 -30 2
-18 -28 2
-18 -26 2
-18 -24 2
-18 -22 2
-18 -20 2
-18 -18 2
-18 -16 2
-18 -14 2
-18 -12 2
-18 -10 2
-18 -8 2
-18 -6 2
-18 -4 2
-18 -2 2
-18 0 2
-18 2 1
-18 4 1
-18 6 1
-18 8 1
-18 10 1
-18 12 1
-18 14 1
-18 16 1
-18 18 1
-18 20 1
-18 22 1
-18 24 1
-18 26 1
-18 28 1
-18 30 1
-18 32 1
-18 34 1
-18 36 1
-18 38 1
-18 40 1
-18 42 1
-18 44 1
-18 46 1
-18 48 1
-18 50 1
-16 -50 2
-16 -48 2
-16 -46 2
-16 -44 2
-16 -42 2
-16 -40 2
-16 -38 2
-16 -36 2
-16 -34 2
-16 -32 2
-16 -30 2
-16 -28 2
-16 -26 2
-16 -24 2
-16 -22 2
-16 -20 2
-16 -18 2
-16 -16 2
-16 -14 2
-16 -12 2
-16 -10 2
-16 -8 2
-16 -6 2
-16 -4 2
-16 -2 2
-16 0 2
-16 2 1
-16 4 1
-16 6 1
-16 8 1
-16 10 1
-16 12 1
-16 14 1
-16 16 1
-16 18 1
-16 20 1
-16 22 1
-16 24 1
-16 26 1
-16 28 1
-16 30 1
-16 32 1
-16 34 1
-16 36 1
-16 38 1
-16 40 1
-16 42 1
-16 44 1
-16 46 1
-16 48 1
-16 50 1
-14 -50 2
-14 -48 2
-14 -46 2
-14 -44 2
-14 -42 2
-14 -40 2
-14 -38 2
-14 -36 2
-14 -34 2
-14 -32 2
-14 -30 2
-14 -28 2
-14 -26 2
-14 -24 2
-14 -22 2
-14 -20 2
-14 -18 2
-14 -16 2
-14 -14 2
-14 -12 2
-14 -10 2
-14 -8 2
-14 -6 2
-14 -4 2
-14 -2 2
-14 0 2
-14 2 1
-14 4 1
-14 6 1
-14 8 1
-14 10 1
-14 12 1
-14 14 1
-14 16 1
-14 18 1
-14 20 1
-14 22 1
-14 24 1
-14 26 1
-14 28 1
-14 30 1
-14 32 1
-14 34 1
-14 36 1
-14 38 1
-14 40 1
-14 42 1
-14 44 1
-14 46 1
-14 48 1
-14 50 1
-12 -50 2
-12 -48 2
-12 -46 2
-12 -44 2
-12 -42 2
-12 -40 2
-12 -38 2
-12 -36 2
-12 -34 2
-12 -32 2
-12 -30 2
-12 -28 2
-12 -26 2
-12 -24 2
-12 -22 2
-12 -20 2
-12 -18 2
-12 -16 2
-12 -14 2
-12 -12 2
-12 -10 2
-12 -8 2
-12 -6 2
-12 -4 2
-12 -2 2
-12 0 2
-12 2 1
-12 4 1
-12 6 1
-12 8 1
-12 10 1
-12 12 1
-12 14 1
-12 16 1
-12 18 1
-12 20 1
-12 22 1
-12 24 1
-12 26 1
-12 28 1
-12 30 1
-12 32 1
-12 34 1
-12 36 1
-12 38 1
-12 40 1
-12 42 1
-12 44 1
-12 46 1
-12 48 1
-12 50 1
-10 -50 2
-10 -48 2
-10 -46 2
-10 -44 2
-10 -42 2
-10 -40 2
-10 -38 2
-10 -36 2
-10 -34 2
-10 -32 2
-10 -30 2
-10 -28 2
-10 -26 2
-10 -24 2
-10 -22 2
-10 -20 2
-10 -18 2
-10 -16 2
-10 -14 2
-10 -12 2
-10 -10 2
-10 -8 2
-10 -6 2
-10 -4 2
-10 -2 2
-10 0 2
-10 2 1
-10 4 1
-10 6 1
-10 8 1
-10 10 1
-10 12 1
-10 14 1
-10 16 1
-10 18 1
-10 20 1
-10 22 1
-10 24 1
-10 26 1
-10 28 1
-10 30 1
-10 32 1
-10 34 1
-10 36 1
-10 38 1
-10 40 1
-10 42 1
-10 44 1
-10 46 1
-10 48 1
-10 50 1
-8 -50 2
-8 -48 2
-8 -46 2
-8 -44 2
-8 -42 2
-8 -40 2
-8 -38 2
-8 -36 2
-8 -34 2
-8 -32 2
-8 -30 2
-8 -28 2
-8 -26 2
-8 -24 2
-8 -22 2
-8 -20 2
-8 -18 2
-8 -16 2
-8 -14 2
-8 -12 2
-8 -10 2
-8 -8 2
-8 -6 2
-8 -4 2
-8 -2 2
-8 0 2
-8 2 1
-8 4 1
-8 6 1
-8 8 1
-8 10 1
-8 12 1
-8 14 1
-8 16 1
-8 18 1
-8 20 1
-8 22 1
-8 24 1
-8 26 1
-8 28 1
-8 30 1
-8 32 1
-8 34 1
-8 36 1
-8 38 1
-8 40 1
-8 42 1
-8 44 1
-8 46 1
-8 48 1
-8 50 1
-6 -50 2
-6 -48 2
-6 -46 2
-6 -44 2
-6 -42 2
-6 -40 2
-6 -38 2
-6 -36 2
-6 -34 2
-6 -32 2
-6 -30 2
-6 -28 2
-6 -26 2
-6 -24 2
-6 -22 2
-6 -20 2
-6 -18 2
-6 -16 2
-6 -14 2
-6 -12 2
-6 -10 2
-6 -8 2
-6 -6 2
-6 -4 2
-6 -2 2
-6 0 2
-6 2 1
-6 4 1
-6 6 1
-6 8 1
-6 10 1
-6 12 1
-6 14 1
-6 16 1
-6 18 1
-6 20 1
-6 22 1
-6 24 1
-6 26 1
-6 28 1
-6 30 1
-6 32 1
-6 34 1
-6 36 1
-6 38 1
-6 40 1
-6 42 1
-6 44 1
-6 46 1
-6 48 1
-6 50 1
-4 -50 2
-4 -48 2
-4 -46 2
-4 -44 2
-4 -42 2
-4 -40 2
-4 -38 2
-4 -36 2
-4 -34 2
-4 -32 2
-4 -30 2
-4 -28 2
-4 -26 2
-4 -24 2
-4 -22 2
-4 -20 2
-4 -18 2
-4 -16 2
-4 -14 2
-4 -12 2
-4 -10 2
-4 -8 2
-4 -6 2
-4 -4 2
-4 -2 2
-4 0 2
-4 2 2
-4 4 1
-4 6 1
-4 8 1
-4 10 1
-4 12 1
-4 14 1
-4 16 1
-4 18 1
-4 20 1
-4 22 1
-4 24 1
-4 26 1
-4 28 1
-4 30 1
-4 32 1
-4 34 1
-4 36 1
-4 38 1
-4 40 1
-4 42 1
-4 44 1
-4 46 1
-4 48 1
-4 50 1
-2 -50 2
-2 -48 2
-2 -46 2
-2 -44 2
-2 -42 2
-2 -40 2
-2 -38 2
-2 -36 2
-2 -34 2
-2 -32 2
-2 -30 2
-2 -28 2
-2 -26 2
-2 -24 2
-2 -22 2
-2 -20 2
-2 -18 2
-2 -16 2
-2 -14 2
-2 -12 2
-2 -10 2
-2 -8 2
-2 -6 2
-2 -4 2
-2 -2 2
-2 0 2
-2 2 2
-2 4 1
-2 6 1
-2 8 1
-2 10 1
-2 12 1
-2 14 1
-2 16 1
-2 18 1
-2 20 1
-2 22 1
-2 24 1
-2 26 1
-2 28 1
-2 30 1
-2 32 1
-2 34 1
-2 36 1
-2 38 1
-2 40 1
-2 42 1
-2 44 1
-2 46 1
-2 48 1
-2 50 1
0 -50 2
0 -48 2
0 -46 2
0 -44 2
0 -42 2
0 -40 2
0 -38 2
0 -36 2
0 -34 2
0 -32 2
0 -30 2
0 -28 2
0 -26 2
0 -24 2
0 -22 2
0 -20 2
0 -18 2
0 -16 2
0 -14 2
0 -12 2
0 -10 2
0 -8 2
0 -6 2
0 -4 2
0 -2 2
0 0 2
0 2 2
0 4 1
0 6 1
0 8 1
0 10 1
0 12 1
0 14 1
0 16 1
0 18 1
0 20 1
0 22 1
0 24 1
0 26 1
0 28 1
0 30 1
0 32 1
0 34 1
0 36 1
0 38 1
0 40 1
0 42 1
0 44 1
0 46 1
0 48 1
0 50 1
2 -50 1
2 -48 1
2 -46 1
2 -44 1
2 -42 1
2 -40 1
2 -38 1
2 -36 1
2 -34 1
2 -32 1
2 -30 1
2 -28 1
2 -26 1
2 -24 1
2 -22 1
2 -20 1
2 -18 1
2 -16 1
2 -14 1
2 -12 1
2 -10 1
2 -8 1
2 -6 1
2 -4 2
2 -2 2
2 0 2
2 2 2
2 4 1
2 6 1
2 8 1
2 10 1
2 12 1
2 14 1
2 16 1
2 18 1
2 20 1
2 22 1
2 24 1
2 26 1
2 28 1
2 30 1
2 32 1
2 34 1
2 36 1
2 38 1
2 40 1
2 42 1
2 44 1
2 46 1
2 48 1
2 50 1
4 -50 1
4 -48 1
4 -46 1
4 -44 1
4 -42 1
4 -40 1
4 -38 1
4 -36 1
4 -34 1
4 -32 1
4 -30 1
4 -28 1
4 -26 1
4 -24 1
4 -22 1
4 -20 1
4 -18 1
4 -16 1
4 -14 1
4 -12 1
4 -10 1
4 -8 1
4 -6 1
4 -4 1
4 -2 1
4 0 1
4 2 1
4 4 2
4 6 1
4 8 1
4 10 1
4 12 1
4 14 1
4 16 1
4 18 1
4 20 1
4 22 1
4 24 1
4 26 1
4 28 1
4 30 1
4 32 1
4 34 1
4 36 1
4 38 1
4 40 1
4 42 1
4 44 1
4 46 1
4 48 1
4 50 1
6 -50 1
6 -48 1
6 -46 1
6 -44 1
6 -42 1
6 -40 1
6 -38 1
6 -36 1
6 -34 1
6 -32 1
6 -30 1
6 -28 1
6 -26 1
6 -24 1
6 -22 1
6 -20 1
6 -18 1
6 -16 1
6 -14 1
6 -12 1
6 -10 1
6 -8 1
6 -6 1
6 -4 1
6 -2 1
6 0 1
6 2 1
6 4 1
6 6 2
6 8 1
6 10 1
6 12 1
6 14 1
6 16 1
6 18 1
6 20 1
6 22 1
6 24 1
6 26 1
6 28 1
6 30 1
6 32 1
6 34 1
6 36 1
6 38 1
6 40 1
6 42 1
6 44 1
6 46 1
6 48 1
6 50 1
8 -50 1
8 -48 1
8 -46 1
8 -44 1
8 -42 1
8 -40 1
8 -38 1
8 -36 1
8 -34 1
8 -32 1
8 -30 1
8 -28 1
8 -26 1
8 -24 1
8 -22 1
8 -20 1
8 -18 1
8 -16 1
8 -14 1
8 -12 1
8 -10 1
8 -8 1
8 -6 1
8 -4 1
8 -2 1
8 0 1
8 2 1
8 4 1
8 6 1
8 8 2
8 10 1
8 12 1
8 14 1
8 16 1
8 18 1
8 20 1
8 22 1
8 24 1
8 26 1
8 28 1
8 30 1
8 32 1
8 34 1
8 36 1
8 38 1
8 40 1
8 42 1
8 44 1
8 46 1
8 48 1
8 50 1
10 -50 1
10 -48 1
10 -46 1
10 -44 1
10 -42 1
10 -40 1
10 -38 1
10 -36 1
10 -34 1
10 -32 1
10 -30 1
10 -28 1
10 -26 1
10 -24 1
10 -22 1
10 -20 1
10 -18 1
10 -16 1
10 -14 1
10 -12 1
10 -10 1
10 -8 1
10 -6 1
10 -4 1
10 -2 1
10 0 1
10 2 1
10 4 1
10 6 1
10 8 1
10 10 2
10 12 1
10 14 1
10 16 1
10 18 1
10 20 1
10 22 1
10 24 1
10 26 1
10 28 1
10 30 1
10 32 1
10 34 1
10 36 1
10 38 1
10 40 1
10 42 1
10 44 1
10 46 1
10 48 1
10 50 1
12 -50 1
12 -48 1
12 -46 1
12 -44 1
12 -42 1
12 -40 1
12 -38 1
12 -36 1
12 -34 1
12 -32 1
12 -30 1
12 -28 1
12 -26 1
12 -24 1
12 -22 1
12 -20 1
12 -18 1
12 -16 1
12 -14 1
12 -12 1
12 -10 1
12 -8 1
12 -6 1
12 -4 1
12 -2 1
12 0 1
12 2 1
12 4 1
12 6 1
12 8 1
12 10 1
12 12 2
12 14 1
12 16 1
12 18 1
12 20 1
12 22 1
12 24 1
12 26 1
12 28 1
12 30 1
12 32 1
12 34 1
12 36 1
12 38 1
12 40 1
12 42 1
12 44 1
12 46 1
12 48 1
12 50 1
14 -50 1
14 -48 1
14 -46 1
14 -44 1
14 -42 1
14 -40 1
14 -38 1
14 -36 1
14 -34 1
14 -32 1
14 -30 1
14 -28 1
14 -26 1
14 -24 1
14 -22 1
14 -20 1
14 -18 1
14 -16 1
14 -14 1
14 -12 1
14 -10 1
14 -8 1
14 -6 1
14 -4 1
14 -2 1
14 0 1
14 2 1
14 4 1
14 6 1
14 8 1
14 10 1
14 12 1
14 14 2
14 16 1
14 18 1
14 20 1
14 22 1
14 24 1
14 26 1
14 28 1
14 30 1
14 32 1
14 34 1
14 36 1
14 38 1
14 40 1
14 42 1
14 44 1
14 46 1
14 48 1
14 50 1
16 -50 1
16 -48 1
16 -46 1
16 -44 1
16 -42 1
16 -40 1
16 -38 1
16 -36 1
16 -34 1
16 -32 1
16 -30 1
16 -28 1
16 -26 1
16 -24 1
16 -22 1
16 -20 1
16 -18 1
16 -16 1
16 -14 1
16 -12 1
16 -10 1
16 -8 1
16 -6 1
16 -4 1
16 -2 1
16 0 1
16 2 1
16 4 1
16 6 1
16 8 1
16 10 1
16 12 1
16 14 1
16 16 2
16 18 1
16 20 1
16 22 1
16 24 1
16 26 1
16 28 1
16 30 1
16 32 1
16 34 1
16 36 1
16 38 1
16 40 1
16 42 1
16 44 1
16 46 1
16 48 1
16 50 1
18 -50 1
18 -48 1
18 -46 1
18 -44 1
18 -42 1
18 -40 1
18 -38 1
18 -36 1
18 -34 1
18 -32 1
18 -30 1
18 -28 1
18 -26 1
18 -24 1
18 -22 1
18 -20 1
18 -18 1
18 -16 1
18 -14 1
18 -12 1
18 -10 1
18 -8 1
18 -6 1
18 -4 1
18 -2 1
18 0 1
18 2 1
18 4 1
18 6 1
18 8 1
18 10 1
18 12 1
18 14 1
18 16 1
18 18 2
18 20 1
18 22 1
18 24 1
18 26 1
18 28 1
18 30 1
18 32 1
18 34 1
18 36 1
18 38 1
18 40 1
18 42 1
18 44 1
18 46 1
18 48 1
18 50 1
20 -50 1
20 -48 1
20 -46 1
20 -44 1
20 -42 1
20 -40 1
20 -38 1
20 -36 1
20 -34 1
20 -32 1
20 -30 1
20 -28 1
20 -26 1
20 -24 1
20 -22 1
20 -20 1
20 -18 1
20 -16 1
20 -14 1
20 -12 1
20 -10 1
20 -8 1
20 -6 1
20 -4 1
20 -2 1
20 0 1
20 2 1
20 4 1
20 6 1
20 8 1
20 10 1
20 12 1
20 14 1
20 16 1
20 18 1
20 20 2
20 22 1
20 24 1
20 26 1
20 28 1
20 30 1
20 32 1
20 34 1
20 36 1
20 38 1
20 40 1
20 42 1
20 44 1
20 46 1
20 48 1
20 50 1
22 -50 1
22 -48 1
22 -46 1
22 -44 1
22 -42 1
22 -40 1
22 -38 1
22 -36 1
22 -34 1
22 -32 1
22 -30 1
22 -28 1
22 -26 1
22 -24 1
22 -22 1
22 -20 1
22 -18 1
22 -16 1
22 -14 1
22 -12 1
22 -10 1
22 -8 1
22 -6 1
22 -4 1
22 -2 1
22 0 1
22 2 1
22 4 1
22 6 1
22 8 1
22 10 1
22 12 1
22 14 1
22 16 1
22 18 1
22 20 1
22 22 2
22 24 1
22 26 1
22 28 1
22 30 1
22 32 1
22 34 1
22 36 1
22 38 1
22 40 1
22 42 1
22 44 1
22 46 1
22 48 1
22 50 1
24 -50 1
24 -48 1
24 -46 1
24 -44 1
24 -42 1
24 -40 1
24 -38 1
24 -36 1
24 -34 1
24 -32 1
24 -30 1
24 -28 1
24 -26 1
24 -24 1
24 -22 1
24 -20 1
24 -18 1
24 -16 1
24 -14 1
24 -12 1
24 -10 1
24 -8 1
24 -6 1
24 -4 1
24 -2 1
24 0 1
24 2 1
24 4 1
24 6 1
24 8 1
24 10 1
24 12 1
24 14 1
24 16 1
24 18 1
24 20 1
24 22 1
24 24 2
24 26 1
24 28 1
24 30 1
24 32 1
24 34 1
24 36 1
24 38 1
24 40 1
24 42 1
24 44 1
24 46 1
24 48 1
24 50 1
26 -50 1
26 -48 1
26 -46 1
26 -44 1
26 -42 1
26 -40 1
26 -38 1
26 -36 1
26 -34 1
26 -32 1
26 -30 1
26 -28 1
26 -26 1
26 -24 1
26 -22 1
26 -20 1
26 -18 1
26 -16 1
26 -14 1
26 -12 1
26 -10 1
26 -8 1
26 -6 1
26 -4 1
26 -2 1
26 0 1
26 2 1
26 4 1
26 6 1
26 8 1
26 10 1
26 12 1
26 14 1
26 16 1
26 18 1
26 20 1
26 22 1
26 24 1
26 26 2
26 28 1
26 30 1
26 32 1
26 34 1
26 36 1
26 38 1
26 40 1
26 42 1
26 44 1
26 46 1
26 48 1
26 50 1
28 -50 1
28 -48 1
28 -46 1
28 -44 1
28 -42 1
28 -40 1
28 -38 1
28 -36 1
28 -34 1
28 -32 1
28 -30 1
28 -28 1
28 -26 1
28 -24 1
28 -22 1
28 -20 1
28 -18 1
28 -16 1
28 -14 1
28 -12 1
28 -10 1
28 -8 1
28 -6 1
28 -4 1
28 -2 1
28 0 1
28 2 1
28 4 1
28 6 1
28 8 1
28 10 1
28 12 1
28 14 1
28 16 1
28 18 1
28 20 1
28 22 1
28 24 1
28 26 1
28 28 2
28 30 1
28 32 1
28 34 1
28 36 1
28 38 1
28 40 1
28 42 1
28 44 1
28 46 1
28 48 1
28 50 1
30 -50 1
30 -48 1
30 -46 1
30 -44 1
30 -42 1
30 -40 1
30 -38 1
30 -36 1
30 -34 1
30 -32 1
30 -30 1
30 -28 1
30 -26 1
30 -24 1
30 -22 1
30 -20 1
30 -18 1
30 -16 1
30 -14 1
30 -12 1
30 -10 1
30 -8 1
30 -6 1
30 -4 1
30 -2 1
30 0 1
30 2 1
30 4 1
30 6 1
30 8 1
30 10 1
30 12 1
30 14 1
30 16 1
30 18 1
30 20 1
30 22 1
30 24 1
30 26 1
30 28 1
30 30 2
30 32 1
30 34 1
30 36 1
30 38 1
30 40 1
30 42 1
30 44 1
30 46 1
30 48 1
30 50 1
32 -50 1
32 -48 1
32 -46 1
32 -44 1
32 -42 1
32 -40 1
32 -38 1
32 -36 1
32 -34 1
32 -32 1
32 -30 1
32 -28 1
32 -26 1
32 -24 1
32 -22 1
32 -20 1
32 -18 1
32 -16 1
32 -14 1
32 -12 1
32 -10 1
32 -8 1
32 -6 1
32 -4 1
32 -2 1
32 0 1
32 2 1
32 4 1
32 6 1
32 8 1
32 10 1
32 12 1
32 14 1
32 16 1
32 18 1
32 20 1
32 22 1
32 24 1
32 26 1
32 28 1
32 30 1
32 32 2
32 34 1
32 36 1
32 38 1
32 40 1
32 42 1
32 44 1
32 46 1
32 48 1
32 50 1
34 -50 1
34 -48 1
34 -46 1
34 -44 1
34 -42 1
34 -40 1
34 -38 1
34 -36 1
34 -34 1
34 -32 1
34 -30 1
34 -28 1
34 -26 1
34 -24 1
34 -22 1
34 -20 1
34 -18 1
34 -16 1
34 -14 1
34 -12 1
34 -10 1
34 -8 1
34 -6 1
34 -4 1
34 -2 1
34 0 1
34 2 1
34 4 1
34 6 1
34 8 1
34 10 1
34 12 1
34 14 1
34 16 1
34 18 1
34 20 1
34 22 1
34 24 1
34 26 1
34 28 1
34 30 1
34 32 1
34 34 2
34 36 1
34 38 1
34 40 1
34 42 1
34 44 1
34 46 1
34 48 1
34 50 1
36 -50 1
36 -48 1
36 -46 1
36 -44 1
36 -42 1
36 -40 1
36 -38 1
36 -36 1
36 -34 1
36 -32 1
36 -30 1
36 -28 1
36 -26 1
36 -24 1
36 -22 1
36 -20 1
36 -18 1
36 -16 1
36 -14 1
36 -12 1
36 -10 1
36 -8 1
36 -6 1
36 -4 1
36 -2 1
36 0 1
36 2 1
36 4 1
36 6 1
36 8 1
36 10 1
36 12 1
36 14 1
36 16 1
36 18 1
36 20 1
36 22 1
36 24 1
36 26 1
36 28 1
36 30 1
36 32 1
36 34 1
36 36 2
36 38 1
36 40 1
36 42 1
36 44 1
36 46 1
36 48 1
36 50 1
38 -50 1
38 -48 1
38 -46 1
38 -44 1
38 -42 1
38 -40 1
38 -38 1
38 -36 1
38 -34 1
38 -32 1
38 -30 1
38 -28 1
38 -26 1
38 -24 1
38 -22 1
38 -20 1
38 -18 1
38 -16 1
38 -14 1
38 -12 1
38 -10 1
38 -8 1
38 -6 1
38 -4 1
38 -2 1
38 0 1
38 2 1
38 4 1
38 6 1
38 8 1
38 10 1
38 12 1
38 14 1
38 16 1
38 18 1
38 20 1
38 22 1
38 24 1
38 26 1
38 28 1
38 30 1
38 32 1
38 34 1
38 36 1
38 38 2
38 40 1
38 42 1
38 44 1
38 46 1
38 48 1
38 50 1
40 -50 1
40 -48 1
40 -46 1
40 -44 1
40 -42 1
40 -40 1
40 -38 1
40 -36 1
40 -34 1
40 -32 1
40 -30 1
40 -28 1
40 -26 1
40 -24 1
40 -22 1
40 -20 1
40 -18 1
40 -16 1
40 -14 1
40 -12 1
40 -10 1
40 -8 1
40 -6 1
40 -4 1
40 -2 1
40 0 1
40 2 1
40 4 1
40 6 1
40 8 1
40 10 1
40 12 1
40 14 1
40 16 1
40 18 1
40 20 1
40 22 1
40 24 1
40 26 1
40 28 1
40 30 1
40 32 1
40 34 1
40 36 1
40 38 1
40 40 2
40 42 1
40 44 1
40 46 1
40 48 1
40 50 1
42 -50 1
42 -48 1
42 -46 1
42 -44 1
42 -42 1
42 -40 1
42 -38 1
42 -36 1
42 -34 1
42 -32 1
42 -30 1
42 -28 1
42 -26 1
42 -24 1
42 -22 1
42 -20 1
42 -18 1
42 -16 1
42 -14 1
42 -12 1
42 -10 1
42 -8 1
42 -6 1
42 -4 1
42 -2 1
42 0 1
42 2 1
42 4 1
42 6 1
42 8 1
42 10 1
42 12 1
42 14 1
42 16 1
42 18 1
42 20 1
42 22 1
42 24 1
42 26 1
42 28 1
42 30 1
42 32 1
42 34 1
42 36 1
42 38 1
42 40 1
42 42 2
42 44 1
42 46 1
42 48 1
42 50 1
44 -50 1
44 -48 1
44 -46 1
44 -44 1
44 -42 1
44 -40 1
44 -38 1
44 -36 1
44 -34 1
44 -32 1
44 -30 1
44 -28 1
44 -26 1
44 -24 1
44 -22 1
44 -20 1
44 -18 1
44 -16 1
44 -14 1
44 -12 1
44 -10 1
44 -8 1
44 -6 1
44 -4 1
44 -2 1
44 0 1
44 2 1
44 4 1
44 6 1
44 8 1
44 10 1
44 12 1
44 14 1
44 16 1
44 18 1
44 20 1
44 22 1
44 24 1
44 26 1
44 28 1
44 30 1
44 32 1
44 34 1
44 36 1
44 38 1
44 40 1
44 42 1
44 44 2
44 46 1
44 48 1
44 50 1
46 -50 1
46 -48 1
46 -46 1
46 -44 1
46 -42 1
46 -40 1
46 -38 1
46 -36 1
46 -34 1
46 -32 1
46 -30 1
46 -28 1
46 -26 1
46 -24 1
46 -22 1
46 -20 1
46 -18 1
46 -16 1
46 -14 1
46 -12 1
46 -10 1
46 -8 1
46 -6 1
46 -4 1
46 -2 1
46 0 1
46 2 1
46 4 1
46 6 1
46 8 1
46 10 1
46 12 1
46 14 1
46 16 1
46 18 1
46 20 1
46 22 1
46 24 1
46 26 1
46 28 1
46 30 1
46 32 1
46 34 1
46 36 1
46 38 1
46 40 1
46 42 1
46 44 1
46 46 2
46 48 1
46 50 1
48 -50 1
48 -48 1
48 -46 1
48 -44 1
48 -42 1
48 -40 1
48 -38 1
48 -36 1
48 -34 1
48 -32 1
48 -30 1
48 -28 1
48 -26 1
48 -24 1
48 -22 1
48 -20 1
48 -18 1
48 -16 1
48 -14 1
48 -12 1
48 -10 1
48 -8 1
48 -6 1
48 -4 1
48 -2 1
48 0 1
48 2 1
48 4 1
48 6 1
48 8 1
48 10 1
48 12 1
48 14 1
48 16 1
48 18 1
48 20 1
48 22 1
48 24 1
48 26 1
48 28 1
48 30 1
48 32 1
48 34 1
48 36 1
48 38 1
48 40 1
48 42 1
48 44 1
48 46 1
48 48 2
48 50 1
50 -50 1
50 -48 1
50 -46 1
50 -44 1
50 -42 1
50 -40 1
50 -38 1
50 -36 1
50 -34 1
50 -32 1
50 -30 1
50 -28 1
50 -26 1
50 -24 1
50 -22 1
50 -20 1
50 -18 1
50 -16 1
50 -14 1
50 -12 1
50 -10 1
50 -8 1
50 -6 1
50 -4 1
50 -2 1
50 0 1
50 2 1
50 4 1
50 6 1
50 8 1
50 10 1
50 12 1
50 14 1
50 16 1
50 18 1
50 20 1
50 22 1
50 24 1
50 26 1
50 28 1
50 30 1
50 32 1
50 34 1
50 36 1
50 38 1
50 40 1
50 42 1
50 44 1
50 46 1
50 48 1
50 50 2
