Time n1 n2
0 10 10
0.1 10.8236 10.8991
0.2 11.6943 11.865
0.3 12.6111 12.9002
0.4 13.5724 14.007
0.5 14.576 15.1871
0.6 15.6188 16.4421
0.7 16.6968 17.7729
0.8 17.8054 19.1799
0.9 18.9389 20.6629
1 20.0909 22.221
1.1 21.2544 23.8528
1.2 22.4216 25.5562
1.3 23.5844 27.3282
1.4 24.7341 29.1654
1.5 25.862 31.0638
1.6 26.9592 33.0188
1.7 28.0171 35.0253
1.8 29.0274 37.0779
1.9 29.9823 39.1709
2 30.8749 41.2984
2.1 31.6987 43.4544
2.2 32.4485 45.633
2.3 33.1199 47.8283
2.4 33.7095 50.0346
2.5 34.2152 52.2466
2.6 34.6357 54.4592
2.7 34.9707 56.6676
2.8 35.2209 58.8674
2.9 35.3878 61.0548
3 35.4735 63.2262
3.1 35.4811 65.3785
3.2 35.4137 67.509
3.3 35.2754 69.6153
3.4 35.0701 71.6955
3.5 34.8023 73.7478
3.6 34.4765 75.7709
3.7 34.0973 77.7636
3.8 33.6692 79.725
3.9 33.1968 81.6546
4 32.6846 83.5516
4.1 32.1369 85.4158
4.2 31.5578 87.2469
4.3 30.9513 89.0447
4.4 30.3212 90.8091
4.5 29.6711 92.5402
4.6 29.0042 94.2379
4.7 28.3238 95.9024
4.8 27.6328 97.5336
4.9 26.9339 99.1319
5 26.2295 100.697
5.1 25.5221 102.23
5.2 24.8136 103.73
5.3 24.1061 105.197
5.4 23.4014 106.633
5.5 22.701 108.036
5.6 22.0063 109.408
5.7 21.3188 110.748
5.8 20.6395 112.056
5.9 19.9695 113.333
6 19.3097 114.579
6.1 18.6609 115.794
6.2 18.024 116.979
6.3 17.3993 118.134
6.4 16.7876 119.258
6.5 16.1892 120.353
6.6 15.6046 121.418
6.7 15.0339 122.454
6.8 14.4775 123.461
6.9 13.9354 124.439
7 13.408 125.39
7.1 12.8951 126.312
7.2 12.3968 127.208
7.3 11.9131 128.076
7.4 11.444 128.917
7.5 10.9893 129.733
7.6 10.5489 130.522
7.7 10.1227 131.287
7.8 9.71051 132.026
7.9 9.31208 132.741
8 8.92722 133.433
8.1 8.55568 134.101
8.2 8.19722 134.746
8.3 7.85156 135.369
8.4 7.51843 135.97
8.5 7.19754 136.55
8.6 6.88859 137.108
8.7 6.59128 137.647
8.8 6.30531 138.166
8.9 6.03037 138.666
9 5.76614 139.147
9.1 5.51231 139.61
9.2 5.26858 140.055
9.3 5.03463 140.483
9.4 4.81015 140.895
9.5 4.59483 141.29
9.6 4.38838 141.67
9.7 4.19049 142.035
9.8 4.00087 142.385
9.9 3.81922 142.721
10 3.64528 143.044
10.1 3.47874 143.353
10.2 3.31936 143.649
10.3 3.16685 143.934
10.4 3.02095 144.206
10.5 2.88142 144.467
10.6 2.74801 144.717
10.7 2.62047 144.956
10.8 2.49859 145.185
10.9 2.38212 145.405
11 2.27085 145.615
11.1 2.16457 145.815
11.2 2.06307 146.007
11.3 1.96616 146.191
11.4 1.87364 146.367
11.5 1.78532 146.535
11.6 1.70104 146.695
11.7 1.62062 146.848
11.8 1.54389 146.995
11.9 1.47069 147.135
12 1.40087 147.269
12.1 1.33428 147.396
12.2 1.27078 147.518
12.3 1.21024 147.635
12.4 1.15251 147.746
12.5 1.09749 147.852
12.6 1.04503 147.953
12.7 0.995039 148.049
12.8 0.947394 148.142
12.9 0.901992 148.229
13 0.858729 148.313
13.1 0.817509 148.393
13.2 0.778238 148.469
13.3 0.740827 148.542
13.4 0.70519 148.612
13.5 0.671245 148.678
13.6 0.638914 148.741
13.7 0.608122 148.801
13.8 0.578797 148.858
13.9 0.550872 148.913
14 0.52428 148.965
14.1 0.498959 149.014
14.2 0.474851 149.061
14.3 0.451896 149.106
14.4 0.430042 149.149
14.5 0.409237 149.19
14.6 0.389431 149.229
14.7 0.370576 149.266
14.8 0.352628 149.301
14.9 0.335543 149.335
15 0.319281 149.367
15.1 0.303803 149.397
15.2 0.28907 149.426
15.3 0.275049 149.454
15.4 0.261703 149.48
15.5 0.249003 149.506
15.6 0.236915 149.529
15.7 0.225412 149.552
15.8 0.214465 149.574
15.9 0.204048 149.594
16 0.194135 149.614
16.1 0.184701 149.633
16.2 0.175724 149.65
16.3 0.167183 149.667
16.4 0.159055 149.683
16.5 0.151321 149.699
16.6 0.143962 149.713
16.7 0.13696 149.727
16.8 0.130297 149.741
16.9 0.123958 149.753
17 0.117927 149.765
17.1 0.112188 149.776
17.2 0.106728 149.787
17.3 0.101534 149.798
17.4 0.0965914 149.807
17.5 0.0918892 149.817
17.6 0.0874155 149.826
17.7 0.0831592 149.834
17.8 0.0791099 149.842
17.9 0.0752574 149.85
18 0.0715923 149.857
18.1 0.0681054 149.864
18.2 0.0647882 149.871
18.3 0.0616323 149.877
18.4 0.05863 149.883
18.5 0.0557737 149.889
18.6 0.0530565 149.894
18.7 0.0504715 149.899
18.8 0.0480123 149.904
18.9 0.0456729 149.909
19 0.0434473 149.913
19.1 0.0413301 149.917
19.2 0.039316 149.921
19.3 0.0373999 149.925
19.4 0.0355772 149.929
19.5 0.0338433 149.932
19.6 0.0321938 149.936
19.7 0.0306246 149.939
19.8 0.0291319 149.942
19.9 0.0277119 149.945
20 0.0263611 149.947
20.1 0.0250761 149.95
20.2 0.0238537 149.952
20.3 0.0226909 149.955
20.4 0.0215847 149.957
20.5 0.0205324 149.959
20.6 0.0195315 149.961
20.7 0.0185792 149.963
20.8 0.0176734 149.965
20.9 0.0168118 149.966
21 0.0159921 149.968
21.1 0.0152124 149.97
21.2 0.0144707 149.971
21.3 0.0137652 149.972
21.4 0.013094 149.974
21.5 0.0124556 149.975
21.6 0.0118482 149.976
21.7 0.0112705 149.977
21.8 0.010721 149.979
21.9 0.0101982 149.98
22 0.00970094 149.981
22.1 0.0092279 149.982
22.2 0.00877793 149.982
22.3 0.0083499 149.983
22.4 0.00794273 149.984
22.5 0.00755542 149.985
22.6 0.00718699 149.986
22.7 0.00683653 149.986
22.8 0.00650315 149.987
22.9 0.00618603 149.988
23 0.00588436 149.988
23.1 0.00559741 149.989
23.2 0.00532445 149.989
23.3 0.0050648 149.99
23.4 0.00481781 149.99
23.5 0.00458287 149.991
23.6 0.00435938 149.991
23.7 0.00414679 149.992
23.8 0.00394456 149.992
23.9 0.0037522 149.992
24 0.00356921 149.993
24.1 0.00339515 149.993
24.2 0.00322958 149.994
24.3 0.00307208 149.994
24.4 0.00292226 149.994
24.5 0.00277975 149.994
24.6 0.00264419 149.995
24.7 0.00251523 149.995
24.8 0.00239257 149.995
24.9 0.00227589 149.995
25 0.0021649 149.996
25.1 0.00205932 149.996
25.2 0.00195889 149.996
25.3 0.00186336 149.996
25.4 0.00177248 149.996
25.5 0.00168604 149.997
25.6 0.00160381 149.997
25.7 0.0015256 149.997
25.8 0.0014512 149.997
25.9 0.00138042 149.997
26 0.0013131 149.997
26.1 0.00124906 149.998
26.2 0.00118814 149.998
26.3 0.0011302 149.998
26.4 0.00107508 149.998
26.5 0.00102265 149.998
26.6 0.000972775 149.998
26.7 0.000925333 149.998
26.8 0.000880204 149.998
26.9 0.000837277 149.998
27 0.000796443 149.998
27.1 0.000757601 149.998
27.2 0.000720653 149.999
27.3 0.000685507 149.999
27.4 0.000652074 149.999
27.5 0.000620273 149.999
27.6 0.000590022 149.999
27.7 0.000561247 149.999
27.8 0.000533875 149.999
27.9 0.000507838 149.999
28 0.00048307 149.999
28.1 0.000459511 149.999
28.2 0.0004371 149.999
28.3 0.000415783 149.999
28.4 0.000395505 149.999
28.5 0.000376216 149.999
28.6 0.000357868 149.999
28.7 0.000340415 149.999
28.8 0.000323813 149.999
28.9 0.00030802 149.999
29 0.000292998 149.999
29.1 0.000278708 149.999
29.2 0.000265116 149.999
29.3 0.000252186 149.999
29.4 0.000239887 150
29.5 0.000228187 150
29.6 0.000217059 150
29.7 0.000206473 150
29.8 0.000196403 150
29.9 0.000186824 150
30 0.000177713 150
30.1 0.000169046 150
30.2 0.000160801 150
30.3 0.000152959 150
30.4 0.000145499 150
30.5 0.000138403 150
30.6 0.000131653 150
30.7 0.000125232 150
30.8 0.000119125 150
30.9 0.000113315 150
31 0.000107788 150
31.1 0.000102531 150
31.2 9.7531e-05 150
31.3 9.27743e-05 150
31.4 8.82497e-05 150
31.5 8.39457e-05 150
31.6 7.98516e-05 150
31.7 7.59572e-05 150
31.8 7.22528e-05 150
31.9 6.8729e-05 150
32 6.5377e-05 150
32.1 6.21885e-05 150
32.2 5.91556e-05 150
32.3 5.62705e-05 150
32.4 5.35262e-05 150
32.5 5.09157e-05 150
32.6 4.84325e-05 150
32.7 4.60704e-05 150
32.8 4.38235e-05 150
32.9 4.16862e-05 150
33 3.96532e-05 150
33.1 3.77193e-05 150
33.2 3.58797e-05 150
33.3 3.41298e-05 150
33.4 3.24653e-05 150
33.5 3.08819e-05 150
33.6 2.93758e-05 150
33.7 2.79431e-05 150
33.8 2.65803e-05 150
33.9 2.5284e-05 150
34 2.40509e-05 150
34.1 2.28779e-05 150
34.2 2.17621e-05 150
34.3 2.07008e-05 150
34.4 1.96912e-05 150
34.5 1.87308e-05 150
34.6 1.78173e-05 150
34.7 1.69484e-05 150
34.8 1.61218e-05 150
34.9 1.53355e-05 150
35 1.45876e-05 150
35.1 1.38762e-05 150
35.2 1.31994e-05 150
35.3 1.25557e-05 150
35.4 1.19433e-05 150
35.5 1.13608e-05 150
35.6 1.08068e-05 150
35.7 1.02797e-05 150
35.8 9.77836e-06 150
35.9 9.30146e-06 150
36 8.84783e-06 150
36.1 8.41631e-06 150
36.2 8.00584e-06 150
36.3 7.6154e-06 150
36.4 7.24399e-06 150
36.5 6.89069e-06 150
36.6 6.55463e-06 150
36.7 6.23496e-06 150
36.8 5.93088e-06 150
36.9 5.64162e-06 150
37 5.36648e-06 150
37.1 5.10475e-06 150
37.2 4.85579e-06 150
37.3 4.61897e-06 150
37.4 4.3937e-06 150
37.5 4.17942e-06 150
37.6 3.97559e-06 150
37.7 3.78169e-06 150
37.8 3.59726e-06 150
37.9 3.42182e-06 150
38 3.25493e-06 150
38.1 3.09619e-06 150
38.2 2.94519e-06 150
38.3 2.80155e-06 150
38.4 2.66491e-06 150
38.5 2.53495e-06 150
38.6 2.41131e-06 150
38.7 2.29371e-06 150
38.8 2.18185e-06 150
38.9 2.07544e-06 150
39 1.97422e-06 150
39.1 1.87793e-06 150
39.2 1.78635e-06 150
39.3 1.69922e-06 150
39.4 1.61635e-06 150
39.5 1.53752e-06 150
39.6 1.46254e-06 150
39.7 1.39121e-06 150
39.8 1.32336e-06 150
39.9 1.25882e-06 150
40 1.19742e-06 150
40.1 1.13902e-06 150
40.2 1.08347e-06 150
40.3 1.03063e-06 150
40.4 9.80367e-07 150
40.5 9.32554e-07 150
40.6 8.87073e-07 150
40.7 8.4381e-07 150
40.8 8.02657e-07 150
40.9 7.63511e-07 150
41 7.26274e-07 150
41.1 6.90853e-07 150
41.2 6.5716e-07 150
41.3 6.2511e-07 150
41.4 5.94623e-07 150
41.5 5.65623e-07 150
41.6 5.38037e-07 150
41.7 5.11797e-07 150
41.8 4.86836e-07 150
41.9 4.63093e-07 150
42 4.40508e-07 150
42.1 4.19024e-07 150
42.2 3.98588e-07 150
42.3 3.79148e-07 150
42.4 3.60657e-07 150
42.5 3.43068e-07 150
42.6 3.26336e-07 150
42.7 3.1042e-07 150
42.8 2.95281e-07 150
42.9 2.8088e-07 150
43 2.67181e-07 150
43.1 2.54151e-07 150
43.2 2.41756e-07 150
43.3 2.29965e-07 150
43.4 2.1875e-07 150
43.5 2.08081e-07 150
43.6 1.97933e-07 150
43.7 1.88279e-07 150
43.8 1.79097e-07 150
43.9 1.70362e-07 150
44 1.62054e-07 150
44.1 1.5415e-07 150
44.2 1.46632e-07 150
44.3 1.39481e-07 150
44.4 1.32678e-07 150
44.5 1.26208e-07 150
44.6 1.20052e-07 150
44.7 1.14197e-07 150
44.8 1.08628e-07 150
44.9 1.0333e-07 150
45 9.82905e-08 150
45.1 9.34968e-08 150
45.2 8.89369e-08 150
45.3 8.45994e-08 150
45.4 8.04735e-08 150
45.5 7.65487e-08 150
45.6 7.28154e-08 150
45.7 6.92642e-08 150
45.8 6.58861e-08 150
45.9 6.26728e-08 150
46 5.96162e-08 150
46.1 5.67087e-08 150
46.2 5.3943e-08 150
46.3 5.13122e-08 150
46.4 4.88096e-08 150
46.5 4.64292e-08 150
46.6 4.41648e-08 150
46.7 4.20108e-08 150
46.8 3.99619e-08 150
46.9 3.8013e-08 150
47 3.61591e-08 150
47.1 3.43956e-08 150
47.2 3.27181e-08 150
47.3 3.11224e-08 150
47.4 2.96045e-08 150
47.5 2.81607e-08 150
47.6 2.67873e-08 150
47.7 2.54809e-08 150
47.8 2.42381e-08 150
47.9 2.3056e-08 150
48 2.19316e-08 150
48.1 2.0862e-08 150
48.2 1.98445e-08 150
48.3 1.88767e-08 150
48.4 1.79561e-08 150
48.5 1.70803e-08 150
48.6 1.62473e-08 150
48.7 1.54549e-08 150
48.8 1.47012e-08 150
48.9 1.39842e-08 150
49 1.33022e-08 150
49.1 1.26534e-08 150
49.2 1.20363e-08 150
49.3 1.14493e-08 150
49.4 1.08909e-08 150
49.5 1.03597e-08 150
49.6 9.8545e-09 150
49.7 9.37389e-09 150
49.8 8.91672e-09 150
49.9 8.48184e-09 150
